short LUT_Internal[5504]={     0,  107,  386,  837, 1460, 2255, 3222, 4361,  168, 1651, 3306, 5133, 1628, 3799,  638, 3153,
									  336, 3195,  722, 3925, 1796, 5343, 3558, 1945,  504, 4739, 3642, 2717, 1964, 1383,  974,  737,
									  672,  779, 1058, 1509, 2132, 2927, 3894, 5033,  840, 2323, 3978,  301, 2300, 4471, 1310, 3825,
									 1008, 3867, 1394, 4597, 2468,  511, 4230, 2617, 1176, 5411, 4314, 3389, 2636, 2055, 1646, 1409,
									 1344, 1451, 1730, 2181, 2804, 3599, 4566,  201, 1512, 2995, 4650,  973, 2972, 5143, 1982, 4497,
									 1680, 4539, 2066, 5269, 3140, 1183, 4902, 3289, 1848,  579, 4986, 4061, 3308, 2727, 2318, 2081,
									 2016, 2123, 2402, 2853, 3476, 4271, 5238,  873, 2184, 3667, 5322, 1645, 3644,  311, 2654, 5169,
									 2352, 5211, 2738,  437, 3812, 1855,   70, 3961, 2520, 1251,  154, 4733, 3980, 3399, 2990, 2753,
									 2688, 2795, 3074, 3525, 4148, 4943,  406, 1545, 2856, 4339,  490, 2317, 4316,  983, 3326,  337,
									 3024,  379, 3410, 1109, 4484, 2527,  742, 4633, 3192, 1923,  826, 5405, 4652, 4071, 3662, 3425,
									 3360, 3467, 3746, 4197, 4820,  111, 1078, 2217, 3528, 5011, 1162, 2989, 4988, 1655, 3998, 1009,
									 3696, 1051, 4082, 1781, 5156, 3199, 1414, 5305, 3864, 2595, 1498,  573, 5324, 4743, 4334, 4097,
									 4032, 4139, 4418, 4869, 5492,  783, 1750, 2889, 4200,  179, 1834, 3661,  156, 2327, 4670, 1681,
									 4368, 1723, 4754, 2453,  324, 3871, 2086,  473, 4536, 3267, 2170, 1245,  492, 5415, 5006, 4769,
									 4704, 4811, 5090,   37,  660, 1455, 2422, 3561, 4872,  851, 2506, 4333,  828, 2999, 5342, 2353,
									 5040, 2395, 5426, 3125,  996, 4543, 2758, 1145, 5208, 3939, 2842, 1917, 1164,  583,  174, 5441,
									 5376, 5483,  258,  709, 1332, 2127, 3094, 4233,   40, 1523, 3178, 5005, 1500, 3671,  510, 3025,
									  208, 3067,  594, 3797, 1668, 5215, 3430, 1817,  376, 4611, 3514, 2589, 1836, 1255,  846,  609,
									  544,  651,  930, 1381, 2004, 2799, 3766, 4905,  712, 2195, 3850,  173, 2172, 4343, 1182, 3697,
									  880, 3739, 1266, 4469, 2340,  383, 4102, 2489, 1048, 5283, 4186, 3261, 2508, 1927, 1518, 1281,
									 1216, 1323, 1602, 2053, 2676, 3471, 4438,   73, 1384, 2867, 4522,  845, 2844, 5015, 1854, 4369,
									 1552, 4411, 1938, 5141, 3012, 1055, 4774, 3161, 1720,  451, 4858, 3933, 3180, 2599, 2190, 1953,
									 1888, 1995, 2274, 2725, 3348, 4143, 5110,  745, 2056, 3539, 5194, 1517, 3516,  183, 2526, 5041,
									 2224, 5083, 2610,  309, 3684, 1727, 5446, 3833, 2392, 1123,   26, 4605, 3852, 3271, 2862, 2625,
									 2560, 2667, 2946, 3397, 4020, 4815,  278, 1417, 2728, 4211,  362, 2189, 4188,  855, 3198,  209,
									 2896,  251, 3282,  981, 4356, 2399,  614, 4505, 3064, 1795,  698, 5277, 4524, 3943, 3534, 3297,
									 3232, 3339, 3618, 4069, 4692, 5487,  950, 2089, 3400, 4883, 1034, 2861, 4860, 1527, 3870,  881,
									 3568,  923, 3954, 1653, 5028, 3071, 1286, 5177, 3736, 2467, 1370,  445, 5196, 4615, 4206, 3969,
									 3904, 4011, 4290, 4741, 5364,  655, 1622, 2761, 4072,   51, 1706, 3533,   28, 2199, 4542, 1553,
									 4240, 1595, 4626, 2325,  196, 3743, 1958,  345, 4408, 3139, 2042, 1117,  364, 5287, 4878, 4641,
									 4576, 4683, 4962, 5413,  532, 1327, 2294, 3433, 4744,  723, 2378, 4205,  700, 2871, 5214, 2225,
									 4912, 2267, 5298, 2997,  868, 4415, 2630, 1017, 5080, 3811, 2714, 1789, 1036,  455,   46, 5313,
									 5248, 5355,  130,  581, 1204, 1999, 2966, 4105, 5416, 1395, 3050, 4877, 1372, 3543,  382, 2897,
									   80, 2939,  466, 3669, 1540, 5087, 3302, 1689,  248, 4483, 3386, 2461, 1708, 1127,  718,  481,
									  416,  523,  802, 1253, 1876, 2671, 3638, 4777,  584, 2067, 3722,   45, 2044, 4215, 1054, 3569,
									  752, 3611, 1138, 4341, 2212,  255, 3974, 2361,  920, 5155, 4058, 3133, 2380, 1799, 1390, 1153,
									 1088, 1195, 1474, 1925, 2548, 3343, 4310, 5449, 1256, 2739, 4394,  717, 2716, 4887, 1726, 4241,
									 1424, 4283, 1810, 5013, 2884,  927, 4646, 3033, 1592,  323, 4730, 3805, 3052, 2471, 2062, 1825,
									 1760, 1867, 2146, 2597, 3220, 4015, 4982,  617, 1928, 3411, 5066, 1389, 3388,   55, 2398, 4913,
									 2096, 4955, 2482,  181, 3556, 1599, 5318, 3705, 2264,  995, 5402, 4477, 3724, 3143, 2734, 2497,
									 2432, 2539, 2818, 3269, 3892, 4687,  150, 1289, 2600, 4083,  234, 2061, 4060,  727, 3070,   81,
									 2768,  123, 3154,  853, 4228, 2271,  486, 4377, 2936, 1667,  570, 5149, 4396, 3815, 3406, 3169,
									 3104, 3211, 3490, 3941, 4564, 5359,  822, 1961, 3272, 4755,  906, 2733, 4732, 1399, 3742,  753,
									 3440,  795, 3826, 1525, 4900, 2943, 1158, 5049, 3608, 2339, 1242,  317, 5068, 4487, 4078, 3841,
									 3776, 3883, 4162, 4613, 5236,  527, 1494, 2633, 3944, 5427, 1578, 3405, 5404, 2071, 4414, 1425,
									 4112, 1467, 4498, 2197,   68, 3615, 1830,  217, 4280, 3011, 1914,  989,  236, 5159, 4750, 4513,
									 4448, 4555, 4834, 5285,  404, 1199, 2166, 3305, 4616,  595, 2250, 4077,  572, 2743, 5086, 2097,
									 4784, 2139, 5170, 2869,  740, 4287, 2502,  889, 4952, 3683, 2586, 1661,  908,  327, 5422, 5185,
									 5120, 5227,    2,  453, 1076, 1871, 2838, 3977, 5288, 1267, 2922, 4749, 1244, 3415,  254, 2769,
									 5456, 2811,  338, 3541, 1412, 4959, 3174, 1561,  120, 4355, 3258, 2333, 1580,  999,  590,  353,
									  288,  395,  674, 1125, 1748, 2543, 3510, 4649,  456, 1939, 3594, 5421, 1916, 4087,  926, 3441,
									  624, 3483, 1010, 4213, 2084,  127, 3846, 2233,  792, 5027, 3930, 3005, 2252, 1671, 1262, 1025,
									  960, 1067, 1346, 1797, 2420, 3215, 4182, 5321, 1128, 2611, 4266,  589, 2588, 4759, 1598, 4113,
									 1296, 4155, 1682, 4885, 2756,  799, 4518, 2905, 1464,  195, 4602, 3677, 2924, 2343, 1934, 1697,
									 1632, 1739, 2018, 2469, 3092, 3887, 4854,  489, 1800, 3283, 4938, 1261, 3260, 5431, 2270, 4785,
									 1968, 4827, 2354,   53, 3428, 1471, 5190, 3577, 2136,  867, 5274, 4349, 3596, 3015, 2606, 2369,
									 2304, 2411, 2690, 3141, 3764, 4559,   22, 1161, 2472, 3955,  106, 1933, 3932,  599, 2942, 5457,
									 2640, 5499, 3026,  725, 4100, 2143,  358, 4249, 2808, 1539,  442, 5021, 4268, 3687, 3278, 3041,
									 2976, 3083, 3362, 3813, 4436, 5231,  694, 1833, 3144, 4627,  778, 2605, 4604, 1271, 3614,  625,
									 3312,  667, 3698, 1397, 4772, 2815, 1030, 4921, 3480, 2211, 1114,  189, 4940, 4359, 3950, 3713,
									 3648, 3755, 4034, 4485, 5108,  399, 1366, 2505, 3816, 5299, 1450, 3277, 5276, 1943, 4286, 1297,
									 3984, 1339, 4370, 2069, 5444, 3487, 1702,   89, 4152, 2883, 1786,  861,  108, 5031, 4622, 4385,
									 4320, 4427, 4706, 5157,  276, 1071, 2038, 3177, 4488,  467, 2122, 3949,  444, 2615, 4958, 1969,
									 4656, 2011, 5042, 2741,  612, 4159, 2374,  761, 4824, 3555, 2458, 1533,  780,  199, 5294, 5057,
									 4992, 5099, 5378,  325,  948, 1743, 2710, 3849, 5160, 1139, 2794, 4621, 1116, 3287,  126, 2641,
									 5328, 2683,  210, 3413, 1284, 4831, 3046, 1433, 5496, 4227, 3130, 2205, 1452,  871,  462,  225,
									  160,  267,  546,  997, 1620, 2415, 3382, 4521,  328, 1811, 3466, 5293, 1788, 3959,  798, 3313,
									  496, 3355,  882, 4085, 1956, 5503, 3718, 2105,  664, 4899, 3802, 2877, 2124, 1543, 1134,  897,
									  832,  939, 1218, 1669, 2292, 3087, 4054, 5193, 1000, 2483, 4138,  461, 2460, 4631, 1470, 3985,
									 1168, 4027, 1554, 4757, 2628,  671, 4390, 2777, 1336,   67, 4474, 3549, 2796, 2215, 1806, 1569,
									 1504, 1611, 1890, 2341, 2964, 3759, 4726,  361, 1672, 3155, 4810, 1133, 3132, 5303, 2142, 4657,
									 1840, 4699, 2226, 5429, 3300, 1343, 5062, 3449, 2008,  739, 5146, 4221, 3468, 2887, 2478, 2241,
									 2176, 2283, 2562, 3013, 3636, 4431, 5398, 1033, 2344, 3827, 5482, 1805, 3804,  471, 2814, 5329,
									 2512, 5371, 2898,  597, 3972, 2015,  230, 4121, 2680, 1411,  314, 4893, 4140, 3559, 3150, 2913,
									 2848, 2955, 3234, 3685, 4308, 5103,  566, 1705, 3016, 4499,  650, 2477, 4476, 1143, 3486,  497,
									 3184,  539, 3570, 1269, 4644, 2687,  902, 4793, 3352, 2083,  986,   61, 4812, 4231, 3822, 3585,
									 3520, 3627, 3906, 4357, 4980,  271, 1238, 2377, 3688, 5171, 1322, 3149, 5148, 1815, 4158, 1169,
									 3856, 1211, 4242, 1941, 5316, 3359, 1574, 5465, 4024, 2755, 1658,  733, 5484, 4903, 4494, 4257,
									 4192, 4299, 4578, 5029,  148,  943, 1910, 3049, 4360,  339, 1994, 3821,  316, 2487, 4830, 1841,
									 4528, 1883, 4914, 2613,  484, 4031, 2246,  633, 4696, 3427, 2330, 1405,  652,   71, 5166, 4929,
									 4864, 4971, 5250,  197,  820, 1615, 2582, 3721, 5032, 1011, 2666, 4493,  988, 3159, 5502, 2513,
									 5200, 2555,   82, 3285, 1156, 4703, 2918, 1305, 5368, 4099, 3002, 2077, 1324,  743,  334,   97,
									   32,  139,  418,  869, 1492, 2287, 3254, 4393,  200, 1683, 3338, 5165, 1660, 3831,  670, 3185,
									  368, 3227,  754, 3957, 1828, 5375, 3590, 1977,  536, 4771, 3674, 2749, 1996, 1415, 1006,  769,
									  704,  811, 1090, 1541, 2164, 2959, 3926, 5065,  872, 2355, 4010,  333, 2332, 4503, 1342, 3857,
									 1040, 3899, 1426, 4629, 2500,  543, 4262, 2649, 1208, 5443, 4346, 3421, 2668, 2087, 1678, 1441,
									 1376, 1483, 1762, 2213, 2836, 3631, 4598,  233, 1544, 3027, 4682, 1005, 3004, 5175, 2014, 4529,
									 1712, 4571, 2098, 5301, 3172, 1215, 4934, 3321, 1880,  611, 5018, 4093, 3340, 2759, 2350, 2113,
									 2048, 2155, 2434, 2885, 3508, 4303, 5270,  905, 2216, 3699, 5354, 1677, 3676,  343, 2686, 5201,
									 2384, 5243, 2770,  469, 3844, 1887,  102, 3993, 2552, 1283,  186, 4765, 4012, 3431, 3022, 2785,
									 2720, 2827, 3106, 3557, 4180, 4975,  438, 1577, 2888, 4371,  522, 2349, 4348, 1015, 3358,  369,
									 3056,  411, 3442, 1141, 4516, 2559,  774, 4665, 3224, 1955,  858, 5437, 4684, 4103, 3694, 3457,
									 3392, 3499, 3778, 4229, 4852,  143, 1110, 2249, 3560, 5043, 1194, 3021, 5020, 1687, 4030, 1041,
									 3728, 1083, 4114, 1813, 5188, 3231, 1446, 5337, 3896, 2627, 1530,  605, 5356, 4775, 4366, 4129,
									 4064, 4171, 4450, 4901,   20,  815, 1782, 2921, 4232,  211, 1866, 3693,  188, 2359, 4702, 1713,
									 4400, 1755, 4786, 2485,  356, 3903, 2118,  505, 4568, 3299, 2202, 1277,  524, 5447, 5038, 4801,
									 4736, 4843, 5122,   69,  692, 1487, 2454, 3593, 4904,  883, 2538, 4365,  860, 3031, 5374, 2385,
									 5072, 2427, 5458, 3157, 1028, 4575, 2790, 1177, 5240, 3971, 2874, 1949, 1196,  615,  206, 5473,
									 5408,   11,  290,  741, 1364, 2159, 3126, 4265,   72, 1555, 3210, 5037, 1532, 3703,  542, 3057,
									  240, 3099,  626, 3829, 1700, 5247, 3462, 1849,  408, 4643, 3546, 2621, 1868, 1287,  878,  641,
									  576,  683,  962, 1413, 2036, 2831, 3798, 4937,  744, 2227, 3882,  205, 2204, 4375, 1214, 3729,
									  912, 3771, 1298, 4501, 2372,  415, 4134, 2521, 1080, 5315, 4218, 3293, 2540, 1959, 1550, 1313,
									 1248, 1355, 1634, 2085, 2708, 3503, 4470,  105, 1416, 2899, 4554,  877, 2876, 5047, 1886, 4401,
									 1584, 4443, 1970, 5173, 3044, 1087, 4806, 3193, 1752,  483, 4890, 3965, 3212, 2631, 2222, 1985,
									 1920, 2027, 2306, 2757, 3380, 4175, 5142,  777, 2088, 3571, 5226, 1549, 3548,  215, 2558, 5073,
									 2256, 5115, 2642,  341, 3716, 1759, 5478, 3865, 2424, 1155,   58, 4637, 3884, 3303, 2894, 2657,
									 2592, 2699, 2978, 3429, 4052, 4847,  310, 1449, 2760, 4243,  394, 2221, 4220,  887, 3230,  241,
									 2928,  283, 3314, 1013, 4388, 2431,  646, 4537, 3096, 1827,  730, 5309, 4556, 3975, 3566, 3329,
									 3264, 3371, 3650, 4101, 4724,   15,  982, 2121, 3432, 4915, 1066, 2893, 4892, 1559, 3902,  913,
									 3600,  955, 3986, 1685, 5060, 3103, 1318, 5209, 3768, 2499, 1402,  477, 5228, 4647, 4238, 4001,
									 3936, 4043, 4322, 4773, 5396,  687, 1654, 2793, 4104,   83, 1738, 3565,   60, 2231, 4574, 1585,
									 4272, 1627, 4658, 2357,  228, 3775, 1990,  377, 4440, 3171, 2074, 1149,  396, 5319, 4910, 4673,
									 4608, 4715, 4994, 5445,  564, 1359, 2326, 3465, 4776,  755, 2410, 4237,  732, 2903, 5246, 2257,
									 4944, 2299, 5330, 3029,  900, 4447, 2662, 1049, 5112, 3843, 2746, 1821, 1068,  487,   78, 5345,
									 5280, 5387,  162,  613, 1236, 2031, 2998, 4137, 5448, 1427, 3082, 4909, 1404, 3575,  414, 2929,
									  112, 2971,  498, 3701, 1572, 5119, 3334, 1721,  280, 4515, 3418, 2493, 1740, 1159,  750,  513,
									  448,  555,  834, 1285, 1908, 2703, 3670, 4809,  616, 2099, 3754,   77, 2076, 4247, 1086, 3601,
									  784, 3643, 1170, 4373, 2244,  287, 4006, 2393,  952, 5187, 4090, 3165, 2412, 1831, 1422, 1185,
									 1120, 1227, 1506, 1957, 2580, 3375, 4342, 5481, 1288, 2771, 4426,  749, 2748, 4919, 1758, 4273,
									 1456, 4315, 1842, 5045, 2916,  959, 4678, 3065, 1624,  355, 4762, 3837, 3084, 2503, 2094, 1857,
									 1792, 1899, 2178, 2629, 3252, 4047, 5014,  649, 1960, 3443, 5098, 1421, 3420,   87, 2430, 4945,
									 2128, 4987, 2514,  213, 3588, 1631, 5350, 3737, 2296, 1027, 5434, 4509, 3756, 3175, 2766, 2529,
									 2464, 2571, 2850, 3301, 3924, 4719,  182, 1321, 2632, 4115,  266, 2093, 4092,  759, 3102,  113,
									 2800,  155, 3186,  885, 4260, 2303,  518, 4409, 2968, 1699,  602, 5181, 4428, 3847, 3438, 3201,
									 3136, 3243, 3522, 3973, 4596, 5391,  854, 1993, 3304, 4787,  938, 2765, 4764, 1431, 3774,  785,
									 3472,  827, 3858, 1557, 4932, 2975, 1190, 5081, 3640, 2371, 1274,  349, 5100, 4519, 4110, 3873,
									 3808, 3915, 4194, 4645, 5268,  559, 1526, 2665, 3976, 5459, 1610, 3437, 5436, 2103, 4446, 1457,
									 4144, 1499, 4530, 2229,  100, 3647, 1862,  249, 4312, 3043, 1946, 1021,  268, 5191, 4782, 4545,
									 4480, 4587, 4866, 5317,  436, 1231, 2198, 3337, 4648,  627, 2282, 4109,  604, 2775, 5118, 2129,
									 4816, 2171, 5202, 2901,  772, 4319, 2534,  921, 4984, 3715, 2618, 1693,  940,  359, 5454, 5217,
									 5152, 5259,   34,  485, 1108, 1903, 2870, 4009, 5320, 1299, 2954, 4781, 1276, 3447,  286, 2801,
									 5488, 2843,  370, 3573, 1444, 4991, 3206, 1593,  152, 4387, 3290, 2365, 1612, 1031,  622,  385,
									  320,  427,  706, 1157, 1780, 2575, 3542, 4681,  488, 1971, 3626, 5453, 1948, 4119,  958, 3473,
									  656, 3515, 1042, 4245, 2116,  159, 3878, 2265,  824, 5059, 3962, 3037, 2284, 1703, 1294, 1057,
									  992, 1099, 1378, 1829, 2452, 3247, 4214, 5353, 1160, 2643, 4298,  621, 2620, 4791, 1630, 4145,
									 1328, 4187, 1714, 4917, 2788,  831, 4550, 2937, 1496,  227, 4634, 3709, 2956, 2375, 1966, 1729,
									 1664, 1771, 2050, 2501, 3124, 3919, 4886,  521, 1832, 3315, 4970, 1293, 3292, 5463, 2302, 4817,
									 2000, 4859, 2386,   85, 3460, 1503, 5222, 3609, 2168,  899, 5306, 4381, 3628, 3047, 2638, 2401,
									 2336, 2443, 2722, 3173, 3796, 4591,   54, 1193, 2504, 3987,  138, 1965, 3964,  631, 2974, 5489,
									 2672,   27, 3058,  757, 4132, 2175,  390, 4281, 2840, 1571,  474, 5053, 4300, 3719, 3310, 3073,
									 3008, 3115, 3394, 3845, 4468, 5263,  726, 1865, 3176, 4659,  810, 2637, 4636, 1303, 3646,  657,
									 3344,  699, 3730, 1429, 4804, 2847, 1062, 4953, 3512, 2243, 1146,  221, 4972, 4391, 3982, 3745,
									 3680, 3787, 4066, 4517, 5140,  431, 1398, 2537, 3848, 5331, 1482, 3309, 5308, 1975, 4318, 1329,
									 4016, 1371, 4402, 2101, 5476, 3519, 1734,  121, 4184, 2915, 1818,  893,  140, 5063, 4654, 4417,
									 4352, 4459, 4738, 5189,  308, 1103, 2070, 3209, 4520,  499, 2154, 3981,  476, 2647, 4990, 2001,
									 4688, 2043, 5074, 2773,  644, 4191, 2406,  793, 4856, 3587, 2490, 1565,  812,  231, 5326, 5089,
									 5024, 5131, 5410,  357,  980, 1775, 2742, 3881, 5192, 1171, 2826, 4653, 1148, 3319,  158, 2673,
									 5360, 2715,  242, 3445, 1316, 4863, 3078, 1465,   24, 4259, 3162, 2237, 1484,  903,  494,  257,
									  192,  299,  578, 1029, 1652, 2447, 3414, 4553,  360, 1843, 3498, 5325, 1820, 3991,  830, 3345,
									  528, 3387,  914, 4117, 1988,   31, 3750, 2137,  696, 4931, 3834, 2909, 2156, 1575, 1166,  929,
									  864,  971, 1250, 1701, 2324, 3119, 4086, 5225, 1032, 2515, 4170,  493, 2492, 4663, 1502, 4017,
									 1200, 4059, 1586, 4789, 2660,  703, 4422, 2809, 1368,   99, 4506, 3581, 2828, 2247, 1838, 1601,
									 1536, 1643, 1922, 2373, 2996, 3791, 4758,  393, 1704, 3187, 4842, 1165, 3164, 5335, 2174, 4689,
									 1872, 4731, 2258, 5461, 3332, 1375, 5094, 3481, 2040,  771, 5178, 4253, 3500, 2919, 2510, 2273,
									 2208, 2315, 2594, 3045, 3668, 4463, 5430, 1065, 2376, 3859,   10, 1837, 3836,  503, 2846, 5361,
									 2544, 5403, 2930,  629, 4004, 2047,  262, 4153, 2712, 1443,  346, 4925, 4172, 3591, 3182, 2945,
									 2880, 2987, 3266, 3717, 4340, 5135,  598, 1737, 3048, 4531,  682, 2509, 4508, 1175, 3518,  529,
									 3216,  571, 3602, 1301, 4676, 2719,  934, 4825, 3384, 2115, 1018,   93, 4844, 4263, 3854, 3617,
									 3552, 3659, 3938, 4389, 5012,  303, 1270, 2409, 3720, 5203, 1354, 3181, 5180, 1847, 4190, 1201,
									 3888, 1243, 4274, 1973, 5348, 3391, 1606, 5497, 4056, 2787, 1690,  765,   12, 4935, 4526, 4289,
									 4224, 4331, 4610, 5061,  180,  975, 1942, 3081, 4392,  371, 2026, 3853,  348, 2519, 4862, 1873,
									 4560, 1915, 4946, 2645,  516, 4063, 2278,  665, 4728, 3459, 2362, 1437,  684,  103, 5198, 4961,
									 4896, 5003, 5282,  229,  852, 1647, 2614, 3753, 5064, 1043, 2698, 4525, 1020, 3191,   30, 2545,
									 5232, 2587,  114, 3317, 1188, 4735, 2950, 1337, 5400, 4131, 3034, 2109, 1356,  775,  366,  129,
									   64,  171,  450,  901, 1524, 2319, 3286, 4425,  232, 1715, 3370, 5197, 1692, 3863,  702, 3217,
									  400, 3259,  786, 3989, 1860, 5407, 3622, 2009,  568, 4803, 3706, 2781, 2028, 1447, 1038,  801,
									  736,  843, 1122, 1573, 2196, 2991, 3958, 5097,  904, 2387, 4042,  365, 2364, 4535, 1374, 3889,
									 1072, 3931, 1458, 4661, 2532,  575, 4294, 2681, 1240, 5475, 4378, 3453, 2700, 2119, 1710, 1473,
									 1408, 1515, 1794, 2245, 2868, 3663, 4630,  265, 1576, 3059, 4714, 1037, 3036, 5207, 2046, 4561,
									 1744, 4603, 2130, 5333, 3204, 1247, 4966, 3353, 1912,  643, 5050, 4125, 3372, 2791, 2382, 2145,
									 2080, 2187, 2466, 2917, 3540, 4335, 5302,  937, 2248, 3731, 5386, 1709, 3708,  375, 2718, 5233,
									 2416, 5275, 2802,  501, 3876, 1919,  134, 4025, 2584, 1315,  218, 4797, 4044, 3463, 3054, 2817,
									 2752, 2859, 3138, 3589, 4212, 5007,  470, 1609, 2920, 4403,  554, 2381, 4380, 1047, 3390,  401,
									 3088,  443, 3474, 1173, 4548, 2591,  806, 4697, 3256, 1987,  890, 5469, 4716, 4135, 3726, 3489,
									 3424, 3531, 3810, 4261, 4884,  175, 1142, 2281, 3592, 5075, 1226, 3053, 5052, 1719, 4062, 1073,
									 3760, 1115, 4146, 1845, 5220, 3263, 1478, 5369, 3928, 2659, 1562,  637, 5388, 4807, 4398, 4161,
									 4096, 4203, 4482, 4933,   52,  847, 1814, 2953, 4264,  243, 1898, 3725,  220, 2391, 4734, 1745,
									 4432, 1787, 4818, 2517,  388, 3935, 2150,  537, 4600, 3331, 2234, 1309,  556, 5479, 5070, 4833,
									 4768, 4875, 5154,  101,  724, 1519, 2486, 3625, 4936,  915, 2570, 4397,  892, 3063, 5406, 2417,
									 5104, 2459, 5490, 3189, 1060, 4607, 2822, 1209, 5272, 4003, 2906, 1981, 1228,  647,  238,    1,
									 5440,   43,  322,  773, 1396, 2191, 3158, 4297,  104, 1587, 3242, 5069, 1564, 3735,  574, 3089,
									  272, 3131,  658, 3861, 1732, 5279, 3494, 1881,  440, 4675, 3578, 2653, 1900, 1319,  910,  673,
									  608,  715,  994, 1445, 2068, 2863, 3830, 4969,  776, 2259, 3914,  237, 2236, 4407, 1246, 3761,
									  944, 3803, 1330, 4533, 2404,  447, 4166, 2553, 1112, 5347, 4250, 3325, 2572, 1991, 1582, 1345,
									 1280, 1387, 1666, 2117, 2740, 3535, 4502,  137, 1448, 2931, 4586,  909, 2908, 5079, 1918, 4433,
									 1616, 4475, 2002, 5205, 3076, 1119, 4838, 3225, 1784,  515, 4922, 3997, 3244, 2663, 2254, 2017,
									 1952, 2059, 2338, 2789, 3412, 4207, 5174,  809, 2120, 3603, 5258, 1581, 3580,  247, 2590, 5105,
									 2288, 5147, 2674,  373, 3748, 1791,    6, 3897, 2456, 1187,   90, 4669, 3916, 3335, 2926, 2689,
									 2624, 2731, 3010, 3461, 4084, 4879,  342, 1481, 2792, 4275,  426, 2253, 4252,  919, 3262,  273,
									 2960,  315, 3346, 1045, 4420, 2463,  678, 4569, 3128, 1859,  762, 5341, 4588, 4007, 3598, 3361,
									 3296, 3403, 3682, 4133, 4756,   47, 1014, 2153, 3464, 4947, 1098, 2925, 4924, 1591, 3934,  945,
									 3632,  987, 4018, 1717, 5092, 3135, 1350, 5241, 3800, 2531, 1434,  509, 5260, 4679, 4270, 4033,
									 3968, 4075, 4354, 4805, 5428,  719, 1686, 2825, 4136,  115, 1770, 3597,   92, 2263, 4606, 1617,
									 4304, 1659, 4690, 2389,  260, 3807, 2022,  409, 4472, 3203, 2106, 1181,  428, 5351, 4942, 4705,
									 4640, 4747, 5026, 5477,  596, 1391, 2358, 3497, 4808,  787, 2442, 4269,  764, 2935, 5278, 2289,
									 4976, 2331, 5362, 3061,  932, 4479, 2694, 1081, 5144, 3875, 2778, 1853, 1100,  519,  110, 5377,
									 5312, 5419,  194,  645, 1268, 2063, 3030, 4169, 5480, 1459, 3114, 4941, 1436, 3607,  446, 2961,
									  144, 3003,  530, 3733, 1604, 5151, 3366, 1753,  312, 4547, 3450, 2525, 1772, 1191,  782,  545,
									  480,  587,  866, 1317, 1940, 2735, 3702, 4841,  648, 2131, 3786,  109, 2108, 4279, 1118, 3633,
									  816, 3675, 1202, 4405, 2276,  319, 4038, 2425,  984, 5219, 4122, 3197, 2444, 1863, 1454, 1217,
									 1152, 1259, 1538, 1989, 2612, 3407, 4374,    9, 1320, 2803, 4458,  781, 2780, 4951, 1790, 4305,
									 1488, 4347, 1874, 5077, 2948,  991, 4710, 3097, 1656,  387, 4794, 3869, 3116, 2535, 2126, 1889,
									 1824, 1931, 2210, 2661, 3284, 4079, 5046,  681, 1992, 3475, 5130, 1453, 3452,  119, 2462, 4977,
									 2160, 5019, 2546,  245, 3620, 1663, 5382, 3769, 2328, 1059, 5466, 4541, 3788, 3207, 2798, 2561,
									 2496, 2603, 2882, 3333, 3956, 4751,  214, 1353, 2664, 4147,  298, 2125, 4124,  791, 3134,  145,
									 2832,  187, 3218,  917, 4292, 2335,  550, 4441, 3000, 1731,  634, 5213, 4460, 3879, 3470, 3233,
									 3168, 3275, 3554, 4005, 4628, 5423,  886, 2025, 3336, 4819,  970, 2797, 4796, 1463, 3806,  817,
									 3504,  859, 3890, 1589, 4964, 3007, 1222, 5113, 3672, 2403, 1306,  381, 5132, 4551, 4142, 3905,
									 3840, 3947, 4226, 4677, 5300,  591, 1558, 2697, 4008, 5491, 1642, 3469, 5468, 2135, 4478, 1489,
									 4176, 1531, 4562, 2261,  132, 3679, 1894,  281, 4344, 3075, 1978, 1053,  300, 5223, 4814, 4577,
									 4512, 4619, 4898, 5349,  468, 1263, 2230, 3369, 4680,  659, 2314, 4141,  636, 2807, 5150, 2161,
									 4848, 2203, 5234, 2933,  804, 4351, 2566,  953, 5016, 3747, 2650, 1725,  972,  391, 5486, 5249,
									 5184, 5291,   66,  517, 1140, 1935, 2902, 4041, 5352, 1331, 2986, 4813, 1308, 3479,  318, 2833,
									   16, 2875,  402, 3605, 1476, 5023, 3238, 1625,  184, 4419, 3322, 2397, 1644, 1063,  654,  417,
									  352,  459,  738, 1189, 1812, 2607, 3574, 4713,  520, 2003, 3658, 5485, 1980, 4151,  990, 3505,
									  688, 3547, 1074, 4277, 2148,  191, 3910, 2297,  856, 5091, 3994, 3069, 2316, 1735, 1326, 1089,
									 1024, 1131, 1410, 1861, 2484, 3279, 4246, 5385, 1192, 2675, 4330,  653, 2652, 4823, 1662, 4177,
									 1360, 4219, 1746, 4949, 2820,  863, 4582, 2969, 1528,  259, 4666, 3741, 2988, 2407, 1998, 1761,
									 1696, 1803, 2082, 2533, 3156, 3951, 4918,  553, 1864, 3347, 5002, 1325, 3324, 5495, 2334, 4849,
									 2032, 4891, 2418,  117, 3492, 1535, 5254, 3641, 2200,  931, 5338, 4413, 3660, 3079, 2670, 2433,
									 2368, 2475, 2754, 3205, 3828, 4623,   86, 1225, 2536, 4019,  170, 1997, 3996,  663, 3006,   17,
									 2704,   59, 3090,  789, 4164, 2207,  422, 4313, 2872, 1603,  506, 5085, 4332, 3751, 3342, 3105,
									 3040, 3147, 3426, 3877, 4500, 5295,  758, 1897, 3208, 4691,  842, 2669, 4668, 1335, 3678,  689,
									 3376,  731, 3762, 1461, 4836, 2879, 1094, 4985, 3544, 2275, 1178,  253, 5004, 4423, 4014, 3777,
									 3712, 3819, 4098, 4549, 5172,  463, 1430, 2569, 3880, 5363, 1514, 3341, 5340, 2007, 4350, 1361,
									 4048, 1403, 4434, 2133,    4, 3551, 1766,  153, 4216, 2947, 1850,  925,  172, 5095, 4686, 4449,
									 4384, 4491, 4770, 5221,  340, 1135, 2102, 3241, 4552,  531, 2186, 4013,  508, 2679, 5022, 2033,
									 4720, 2075, 5106, 2805,  676, 4223, 2438,  825, 4888, 3619, 2522, 1597,  844,  263, 5358, 5121,
									 5056, 5163, 5442,  389, 1012, 1807, 2774, 3913, 5224, 1203, 2858, 4685, 1180, 3351,  190, 2705,
									 5392, 2747,  274, 3477, 1348, 4895, 3110, 1497,   56, 4291, 3194, 2269, 1516,  935,  526,  289,
									  224,  331,  610, 1061, 1684, 2479, 3446, 4585,  392, 1875, 3530, 5357, 1852, 4023,  862, 3377,
									  560, 3419,  946, 4149, 2020,   63, 3782, 2169,  728, 4963, 3866, 2941, 2188, 1607, 1198,  961,
									  896, 1003, 1282, 1733, 2356, 3151, 4118, 5257, 1064, 2547, 4202,  525, 2524, 4695, 1534, 4049,
									 1232, 4091, 1618, 4821, 2692,  735, 4454, 2841, 1400,  131, 4538, 3613, 2860, 2279, 1870, 1633,
									 1568, 1675, 1954, 2405, 3028, 3823, 4790,  425, 1736, 3219, 4874, 1197, 3196, 5367, 2206, 4721,
									 1904, 4763, 2290, 5493, 3364, 1407, 5126, 3513, 2072,  803, 5210, 4285, 3532, 2951, 2542, 2305,
									 2240, 2347, 2626, 3077, 3700, 4495, 5462, 1097, 2408, 3891,   42, 1869, 3868,  535, 2878, 5393,
									 2576, 5435, 2962,  661, 4036, 2079,  294, 4185, 2744, 1475,  378, 4957, 4204, 3623, 3214, 2977,
									 2912, 3019, 3298, 3749, 4372, 5167,  630, 1769, 3080, 4563,  714, 2541, 4540, 1207, 3550,  561,
									 3248,  603, 3634, 1333, 4708, 2751,  966, 4857, 3416, 2147, 1050,  125, 4876, 4295, 3886, 3649,
									 3584, 3691, 3970, 4421, 5044,  335, 1302, 2441, 3752, 5235, 1386, 3213, 5212, 1879, 4222, 1233,
									 3920, 1275, 4306, 2005, 5380, 3423, 1638,   25, 4088, 2819, 1722,  797,   44, 4967, 4558, 4321,
									 4256, 4363, 4642, 5093,  212, 1007, 1974, 3113, 4424,  403, 2058, 3885,  380, 2551, 4894, 1905,
									 4592, 1947, 4978, 2677,  548, 4095, 2310,  697, 4760, 3491, 2394, 1469,  716,  135, 5230, 4993,
									 4928, 5035, 5314,  261,  884, 1679, 2646, 3785, 5096, 1075, 2730, 4557, 1052, 3223,   62, 2577,
									 5264, 2619,  146, 3349, 1220, 4767, 2982, 1369, 5432, 4163, 3066, 2141, 1388,  807,  398,  161,
									   96,  203,  482,  933, 1556, 2351, 3318, 4457,  264, 1747, 3402, 5229, 1724, 3895,  734, 3249,
									  432, 3291,  818, 4021, 1892, 5439, 3654, 2041,  600, 4835, 3738, 2813, 2060, 1479, 1070,  833,
									  768,  875, 1154, 1605, 2228, 3023, 3990, 5129,  936, 2419, 4074,  397, 2396, 4567, 1406, 3921,
									 1104, 3963, 1490, 4693, 2564,  607, 4326, 2713, 1272,    3, 4410, 3485, 2732, 2151, 1742, 1505,
									 1440, 1547, 1826, 2277, 2900, 3695, 4662,  297, 1608, 3091, 4746, 1069, 3068, 5239, 2078, 4593,
									 1776, 4635, 2162, 5365, 3236, 1279, 4998, 3385, 1944,  675, 5082, 4157, 3404, 2823, 2414, 2177,
									 2112, 2219, 2498, 2949, 3572, 4367, 5334,  969, 2280, 3763, 5418, 1741, 3740,  407, 2750, 5265,
									 2448, 5307, 2834,  533, 3908, 1951,  166, 4057, 2616, 1347,  250, 4829, 4076, 3495, 3086, 2849,
									 2784, 2891, 3170, 3621, 4244, 5039,  502, 1641, 2952, 4435,  586, 2413, 4412, 1079, 3422,  433,
									 3120,  475, 3506, 1205, 4580, 2623,  838, 4729, 3288, 2019,  922, 5501, 4748, 4167, 3758, 3521,
									 3456, 3563, 3842, 4293, 4916,  207, 1174, 2313, 3624, 5107, 1258, 3085, 5084, 1751, 4094, 1105,
									 3792, 1147, 4178, 1877, 5252, 3295, 1510, 5401, 3960, 2691, 1594,  669, 5420, 4839, 4430, 4193,
									 4128, 4235, 4514, 4965,   84,  879, 1846, 2985, 4296,  275, 1930, 3757,  252, 2423, 4766, 1777,
									 4464, 1819, 4850, 2549,  420, 3967, 2182,  569, 4632, 3363, 2266, 1341,  588,    7, 5102, 4865,
									 4800, 4907, 5186,  133,  756, 1551, 2518, 3657, 4968,  947, 2602, 4429,  924, 3095, 5438, 2449,
									 5136, 2491,   18, 3221, 1092, 4639, 2854, 1241, 5304, 4035, 2938, 2013, 1260,  679,  270,   33,
									 5472,   75,  354,  805, 1428, 2223, 3190, 4329,  136, 1619, 3274, 5101, 1596, 3767,  606, 3121,
									  304, 3163,  690, 3893, 1764, 5311, 3526, 1913,  472, 4707, 3610, 2685, 1932, 1351,  942,  705,
									  640,  747, 1026, 1477, 2100, 2895, 3862, 5001,  808, 2291, 3946,  269, 2268, 4439, 1278, 3793,
									  976, 3835, 1362, 4565, 2436,  479, 4198, 2585, 1144, 5379, 4282, 3357, 2604, 2023, 1614, 1377,
									 1312, 1419, 1698, 2149, 2772, 3567, 4534,  169, 1480, 2963, 4618,  941, 2940, 5111, 1950, 4465,
									 1648, 4507, 2034, 5237, 3108, 1151, 4870, 3257, 1816,  547, 4954, 4029, 3276, 2695, 2286, 2049,
									 1984, 2091, 2370, 2821, 3444, 4239, 5206,  841, 2152, 3635, 5290, 1613, 3612,  279, 2622, 5137,
									 2320, 5179, 2706,  405, 3780, 1823,   38, 3929, 2488, 1219,  122, 4701, 3948, 3367, 2958, 2721,
									 2656, 2763, 3042, 3493, 4116, 4911,  374, 1513, 2824, 4307,  458, 2285, 4284,  951, 3294,  305,
									 2992,  347, 3378, 1077, 4452, 2495,  710, 4601, 3160, 1891,  794, 5373, 4620, 4039, 3630, 3393,
									 3328, 3435, 3714, 4165, 4788,   79, 1046, 2185, 3496, 4979, 1130, 2957, 4956, 1623, 3966,  977,
									 3664, 1019, 4050, 1749, 5124, 3167, 1382, 5273, 3832, 2563, 1466,  541, 5292, 4711, 4302, 4065,
									 4000, 4107, 4386, 4837, 5460,  751, 1718, 2857, 4168,  147, 1802, 3629,  124, 2295, 4638, 1649,
									 4336, 1691, 4722, 2421,  292, 3839, 2054,  441, 4504, 3235, 2138, 1213,  460, 5383, 4974, 4737,
									 4672, 4779, 5058,    5,  628, 1423, 2390, 3529, 4840,  819, 2474, 4301,  796, 2967, 5310, 2321,
									 5008, 2363, 5394, 3093,  964, 4511, 2726, 1113, 5176, 3907, 2810, 1885, 1132,  551,  142, 5409,
									 5344, 5451,  226,  677, 1300, 2095, 3062, 4201,    8, 1491, 3146, 4973, 1468, 3639,  478, 2993,
									  176, 3035,  562, 3765, 1636, 5183, 3398, 1785,  344, 4579, 3482, 2557, 1804, 1223,  814,  577,
									  512,  619,  898, 1349, 1972, 2767, 3734, 4873,  680, 2163, 3818,  141, 2140, 4311, 1150, 3665,
									  848, 3707, 1234, 4437, 2308,  351, 4070, 2457, 1016, 5251, 4154, 3229, 2476, 1895, 1486, 1249,
									 1184, 1291, 1570, 2021, 2644, 3439, 4406,   41, 1352, 2835, 4490,  813, 2812, 4983, 1822, 4337,
									 1520, 4379, 1906, 5109, 2980, 1023, 4742, 3129, 1688,  419, 4826, 3901, 3148, 2567, 2158, 1921,
									 1856, 1963, 2242, 2693, 3316, 4111, 5078,  713, 2024, 3507, 5162, 1485, 3484,  151, 2494, 5009,
									 2192, 5051, 2578,  277, 3652, 1695, 5414, 3801, 2360, 1091, 5498, 4573, 3820, 3239, 2830, 2593,
									 2528, 2635, 2914, 3365, 3988, 4783,  246, 1385, 2696, 4179,  330, 2157, 4156,  823, 3166,  177,
									 2864,  219, 3250,  949, 4324, 2367,  582, 4473, 3032, 1763,  666, 5245, 4492, 3911, 3502, 3265,
									 3200, 3307, 3586, 4037, 4660, 5455,  918, 2057, 3368, 4851, 1002, 2829, 4828, 1495, 3838,  849,
									 3536,  891, 3922, 1621, 4996, 3039, 1254, 5145, 3704, 2435, 1338,  413, 5164, 4583, 4174, 3937,
									 3872, 3979, 4258, 4709, 5332,  623, 1590, 2729, 4040,   19, 1674, 3501, 5500, 2167, 4510, 1521,
									 4208, 1563, 4594, 2293,  164, 3711, 1926,  313, 4376, 3107, 2010, 1085,  332, 5255, 4846, 4609,
									 4544, 4651, 4930, 5381,  500, 1295, 2262, 3401, 4712,  691, 2346, 4173,  668, 2839, 5182, 2193,
									 4880, 2235, 5266, 2965,  836, 4383, 2598,  985, 5048, 3779, 2682, 1757, 1004,  423,   14, 5281,
									 5216, 5323,   98,  549, 1172, 1967, 2934, 4073, 5384, 1363, 3018, 4845, 1340, 3511,  350, 2865,
									   48, 2907,  434, 3637, 1508, 5055, 3270, 1657,  216, 4451, 3354, 2429, 1676, 1095,  686,  449,
									  384,  491,  770, 1221, 1844, 2639, 3606, 4745,  552, 2035, 3690,   13, 2012, 4183, 1022, 3537,
									  720, 3579, 1106, 4309, 2180,  223, 3942, 2329,  888, 5123, 4026, 3101, 2348, 1767, 1358, 1121,
									 1056, 1163, 1442, 1893, 2516, 3311, 4278, 5417, 1224, 2707, 4362,  685, 2684, 4855, 1694, 4209,
									 1392, 4251, 1778, 4981, 2852,  895, 4614, 3001, 1560,  291, 4698, 3773, 3020, 2439, 2030, 1793,
									 1728, 1835, 2114, 2565, 3188, 3983, 4950,  585, 1896, 3379, 5034, 1357, 3356,   23, 2366, 4881,
									 2064, 4923, 2450,  149, 3524, 1567, 5286, 3673, 2232,  963, 5370, 4445, 3692, 3111, 2702, 2465,
									 2400, 2507, 2786, 3237, 3860, 4655,  118, 1257, 2568, 4051,  202, 2029, 4028,  695, 3038,   49,
									 2736,   91, 3122,  821, 4196, 2239,  454, 4345, 2904, 1635,  538, 5117, 4364, 3783, 3374, 3137,
									 3072, 3179, 3458, 3909, 4532, 5327,  790, 1929, 3240, 4723,  874, 2701, 4700, 1367, 3710,  721,
									 3408,  763, 3794, 1493, 4868, 2911, 1126, 5017, 3576, 2307, 1210,  285, 5036, 4455, 4046, 3809,
									 3744, 3851, 4130, 4581, 5204,  495, 1462, 2601, 3912, 5395, 1546, 3373, 5372, 2039, 4382, 1393,
									 4080, 1435, 4466, 2165,   36, 3583, 1798,  185, 4248, 2979, 1882,  957,  204, 5127, 4718, 4481,
									 4416, 4523, 4802, 5253,  372, 1167, 2134, 3273, 4584,  563, 2218, 4045,  540, 2711, 5054, 2065,
									 4752, 2107, 5138, 2837,  708, 4255, 2470,  857, 4920, 3651, 2554, 1629,  876,  295, 5390, 5153,
									 5088, 5195, 5474,  421, 1044, 1839, 2806, 3945, 5256, 1235, 2890, 4717, 1212, 3383,  222, 2737,
									 5424, 2779,  306, 3509, 1380, 4927, 3142, 1529,   88, 4323, 3226, 2301, 1548,  967,  558,  321,
									  256,  363,  642, 1093, 1716, 2511, 3478, 4617,  424, 1907, 3562, 5389, 1884, 4055,  894, 3409,
									  592, 3451,  978, 4181, 2052,   95, 3814, 2201,  760, 4995, 3898, 2973, 2220, 1639, 1230,  993,
									  928, 1035, 1314, 1765, 2388, 3183, 4150, 5289, 1096, 2579, 4234,  557, 2556, 4727, 1566, 4081,
									 1264, 4123, 1650, 4853, 2724,  767, 4486, 2873, 1432,  163, 4570, 3645, 2892, 2311, 1902, 1665,
									 1600, 1707, 1986, 2437, 3060, 3855, 4822,  457, 1768, 3251, 4906, 1229, 3228, 5399, 2238, 4753,
									 1936, 4795, 2322,   21, 3396, 1439, 5158, 3545, 2104,  835, 5242, 4317, 3564, 2983, 2574, 2337,
									 2272, 2379, 2658, 3109, 3732, 4527, 5494, 1129, 2440, 3923,   74, 1901, 3900,  567, 2910, 5425,
									 2608, 5467, 2994,  693, 4068, 2111,  326, 4217, 2776, 1507,  410, 4989, 4236, 3655, 3246, 3009,
									 2944, 3051, 3330, 3781, 4404, 5199,  662, 1801, 3112, 4595,  746, 2573, 4572, 1239, 3582,  593,
									 3280,  635, 3666, 1365, 4740, 2783,  998, 4889, 3448, 2179, 1082,  157, 4908, 4327, 3918, 3681,
									 3616, 3723, 4002, 4453, 5076,  367, 1334, 2473, 3784, 5267, 1418, 3245, 5244, 1911, 4254, 1265,
									 3952, 1307, 4338, 2037, 5412, 3455, 1670,   57, 4120, 2851, 1754,  829,   76, 4999, 4590, 4353,
									 4288, 4395, 4674, 5125,  244, 1039, 2006, 3145, 4456,  435, 2090, 3917,  412, 2583, 4926, 1937,
									 4624, 1979, 5010, 2709,  580, 4127, 2342,  729, 4792, 3523, 2426, 1501,  748,  167, 5262, 5025,
									 4960, 5067, 5346,  293,  916, 1711, 2678, 3817, 5128, 1107, 2762, 4589, 1084, 3255,   94, 2609,
									 5296, 2651,  178, 3381, 1252, 4799, 3014, 1401, 5464, 4195, 3098, 2173, 1420,  839,  430,  193,
									  128,  235,  514,  965, 1588, 2383, 3350, 4489,  296, 1779, 3434, 5261, 1756, 3927,  766, 3281,
									  464, 3323,  850, 4053, 1924, 5471, 3686, 2073,  632, 4867, 3770, 2845, 2092, 1511, 1102,  865,
									  800,  907, 1186, 1637, 2260, 3055, 4022, 5161,  968, 2451, 4106,  429, 2428, 4599, 1438, 3953,
									 1136, 3995, 1522, 4725, 2596,  639, 4358, 2745, 1304,   35, 4442, 3517, 2764, 2183, 1774, 1537,
									 1472, 1579, 1858, 2309, 2932, 3727, 4694,  329, 1640, 3123, 4778, 1101, 3100, 5271, 2110, 4625,
									 1808, 4667, 2194, 5397, 3268, 1311, 5030, 3417, 1976,  707, 5114, 4189, 3436, 2855, 2446, 2209,
									 2144, 2251, 2530, 2981, 3604, 4399, 5366, 1001, 2312, 3795, 5450, 1773, 3772,  439, 2782, 5297,
									 2480, 5339, 2866,  565, 3940, 1983,  198, 4089, 2648, 1379,  282, 4861, 4108, 3527, 3118, 2881,
									 2816, 2923, 3202, 3653, 4276, 5071,  534, 1673, 2984, 4467,  618, 2445, 4444, 1111, 3454,  465,
									 3152,  507, 3538, 1237, 4612, 2655,  870, 4761, 3320, 2051,  954,   29, 4780, 4199, 3790, 3553,
									 3488, 3595, 3874, 4325, 4948,  239, 1206, 2345, 3656, 5139, 1290, 3117, 5116, 1783, 4126, 1137,
									 3824, 1179, 4210, 1909, 5284, 3327, 1542, 5433, 3992, 2723, 1626,  701, 5452, 4871, 4462, 4225,
									 4160, 4267, 4546, 4997,  116,  911, 1878, 3017, 4328,  307, 1962, 3789,  284, 2455, 4798, 1809,
									 4496, 1851, 4882, 2581,  452, 3999, 2214,  601, 4664, 3395, 2298, 1373,  620,   39, 5134, 4897,
									 4832, 4939, 5218,  165,  788, 1583, 2550, 3689, 5000,  979, 2634, 4461,  956, 3127, 5470, 2481,
									 5168, 2523,   50, 3253, 1124, 4671, 2886, 1273, 5336, 4067, 2970, 2045, 1292,  711,  302,   65};

short LUT_DeInternal[5504]={    0,  2879,   770,  3993,  3604,  4419,  2998,  4157,  4456,  3207,  2474,  1569,  2556,  4747,  4702,  1733, 
  3408,  3535,  4178,  4649,  1508,  5075,   902,  4813,  2360,  3863,   378,  2225,   460,  5403,  2606,  2389, 
  1312,  4191,  2082,  5305,  4916,   227,  4310,  5469,   264,  4519,  3786,  2881,  3868,   555,   510,  3045, 
  4720,  4847,  5490,   457,  2820,   883,  2214,   621,  3672,  5175,  1690,  3537,  1772,  1211,  3918,  3701, 
  2624,  5503,  3394,  1113,   724,  1539,   118,  1277,  1576,   327,  5098,  4193,  5180,  1867,  1822,  4357, 
   528,   655,  1298,  1769,  4132,  2195,  3526,  1933,  4984,   983,  3002,  4849,  3084,  2523,  5230,  5013, 
  3936,  1311,  4706,  2425,  2036,  2851,  1430,  2589,  2888,  1639,   906,     1,   988,  3179,  3134,   165, 
  1840,  1967,  2610,  3081,  5444,  3507,  4838,  3245,   792,  2295,  4314,   657,  4396,  3835,  1038,   821, 
  5248,  2623,   514,  3737,  3348,  4163,  2742,  3901,  4200,  2951,  2218,  1313,  2300,  4491,  4446,  1477, 
  3152,  3279,  3922,  4393,  1252,  4819,   646,  4557,  2104,  3607,   122,  1969,   204,  5147,  2350,  2133, 
  1056,  3935,  1826,  5049,  4660,  5475,  4054,  5213,     8,  4263,  3530,  2625,  3612,   299,   254,  2789, 
  4464,  4591,  5234,   201,  2564,   627,  1958,   365,  3416,  4919,  1434,  3281,  1516,   955,  3662,  3445, 
  2368,  5247,  3138,   857,   468,  1283,  5366,  1021,  1320,    71,  4842,  3937,  4924,  1611,  1566,  4101, 
   272,   399,  1042,  1513,  3876,  1939,  3270,  1677,  4728,   727,  2746,  4593,  2828,  2267,  4974,  4757, 
  3680,  1055,  4450,  2169,  1780,  2595,  1174,  2333,  2632,  1383,   650,  5249,   732,  2923,  2878,  5413, 
  1584,  1711,  2354,  2825,  5188,  3251,  4582,  2989,   536,  2039,  4058,   401,  4140,  3579,   782,   565, 
  4992,  2367,   258,  3481,  3092,  3907,  2486,  3645,  3944,  2695,  1962,  1057,  2044,  4235,  4190,  1221, 
  2896,  3023,  3666,  4137,   996,  4563,   390,  4301,  1848,  3351,  5370,  1713,  5452,  4891,  2094,  1877, 
   800,  3679,  1570,  4793,  4404,  5219,  3798,  4957,  5256,  4007,  3274,  2369,  3356,    43,  5502,  2533, 
  4208,  4335,  4978,  5449,  2308,   371,  1702,   109,  3160,  4663,  1178,  3025,  1260,   699,  3406,  3189, 
  2112,  4991,  2882,   601,   212,  1027,  5110,   765,  1064,  5319,  4586,  3681,  4668,  1355,  1310,  3845, 
    16,   143,   786,  1257,  3620,  1683,  3014,  1421,  4472,   471,  2490,  4337,  2572,  2011,  4718,  4501, 
  3424,   799,  4194,  1913,  1524,  2339,   918,  2077,  2376,  1127,   394,  4993,   476,  2667,  2622,  5157, 
  1328,  1455,  2098,  2569,  4932,  2995,  4326,  2733,   280,  1783,  3802,   145,  3884,  3323,   526,   309, 
  4736,  2111,     2,  3225,  2836,  3651,  2230,  3389,  3688,  2439,  1706,   801,  1788,  3979,  3934,   965, 
  2640,  2767,  3410,  3881,   740,  4307,   134,  4045,  1592,  3095,  5114,  1457,  5196,  4635,  1838,  1621, 
   544,  3423,  1314,  4537,  4148,  4963,  3542,  4701,  5000,  3751,  3018,  2113,  3100,  5291,  5246,  2277, 
  3952,  4079,  4722,  5193,  2052,   115,  1446,  5357,  2904,  4407,   922,  2769,  1004,   443,  3150,  2933, 
  1856,  4735,  2626,   345,  5460,   771,  4854,   509,   808,  5063,  4330,  3425,  4412,  1099,  1054,  3589, 
  5264,  5391,   530,  1001,  3364,  1427,  2758,  1165,  4216,   215,  2234,  4081,  2316,  1755,  4462,  4245, 
  3168,   543,  3938,  1657,  1268,  2083,   662,  1821,  2120,   871,   138,  4737,   220,  2411,  2366,  4901, 
  1072,  1199,  1842,  2313,  4676,  2739,  4070,  2477,    24,  1527,  3546,  5393,  3628,  3067,   270,    53, 
  4480,  1855,  5250,  2969,  2580,  3395,  1974,  3133,  3432,  2183,  1450,   545,  1532,  3723,  3678,   709, 
  2384,  2511,  3154,  3625,   484,  4051,  5382,  3789,  1336,  2839,  4858,  1201,  4940,  4379,  1582,  1365, 
   288,  3167,  1058,  4281,  3892,  4707,  3286,  4445,  4744,  3495,  2762,  1857,  2844,  5035,  4990,  2021, 
  3696,  3823,  4466,  4937,  1796,  5363,  1190,  5101,  2648,  4151,   666,  2513,   748,   187,  2894,  2677, 
  1600,  4479,  2370,    89,  5204,   515,  4598,   253,   552,  4807,  4074,  3169,  4156,   843,   798,  3333, 
  5008,  5135,   274,   745,  3108,  1171,  2502,   909,  3960,  5463,  1978,  3825,  2060,  1499,  4206,  3989, 
  2912,   287,  3682,  1401,  1012,  1827,   406,  1565,  1864,   615,  5386,  4481,  5468,  2155,  2110,  4645, 
   816,   943,  1586,  2057,  4420,  2483,  3814,  2221,  5272,  1271,  3290,  5137,  3372,  2811,    14,  5301, 
  4224,  1599,  4994,  2713,  2324,  3139,  1718,  2877,  3176,  1927,  1194,   289,  1276,  3467,  3422,   453, 
  2128,  2255,  2898,  3369,   228,  3795,  5126,  3533,  1080,  2583,  4602,   945,  4684,  4123,  1326,  1109, 
    32,  2911,   802,  4025,  3636,  4451,  3030,  4189,  4488,  3239,  2506,  1601,  2588,  4779,  4734,  1765, 
  3440,  3567,  4210,  4681,  1540,  5107,   934,  4845,  2392,  3895,   410,  2257,   492,  5435,  2638,  2421, 
  1344,  4223,  2114,  5337,  4948,   259,  4342,  5501,   296,  4551,  3818,  2913,  3900,   587,   542,  3077, 
  4752,  4879,    18,   489,  2852,   915,  2246,   653,  3704,  5207,  1722,  3569,  1804,  1243,  3950,  3733, 
  2656,    31,  3426,  1145,   756,  1571,   150,  1309,  1608,   359,  5130,  4225,  5212,  1899,  1854,  4389, 
   560,   687,  1330,  1801,  4164,  2227,  3558,  1965,  5016,  1015,  3034,  4881,  3116,  2555,  5262,  5045, 
  3968,  1343,  4738,  2457,  2068,  2883,  1462,  2621,  2920,  1671,   938,    33,  1020,  3211,  3166,   197, 
  1872,  1999,  2642,  3113,  5476,  3539,  4870,  3277,   824,  2327,  4346,   689,  4428,  3867,  1070,   853, 
  5280,  2655,   546,  3769,  3380,  4195,  2774,  3933,  4232,  2983,  2250,  1345,  2332,  4523,  4478,  1509, 
  3184,  3311,  3954,  4425,  1284,  4851,   678,  4589,  2136,  3639,   154,  2001,   236,  5179,  2382,  2165, 
  1088,  3967,  1858,  5081,  4692,     3,  4086,  5245,    40,  4295,  3562,  2657,  3644,   331,   286,  2821, 
  4496,  4623,  5266,   233,  2596,   659,  1990,   397,  3448,  4951,  1466,  3313,  1548,   987,  3694,  3477, 
  2400,  5279,  3170,   889,   500,  1315,  5398,  1053,  1352,   103,  4874,  3969,  4956,  1643,  1598,  4133, 
   304,   431,  1074,  1545,  3908,  1971,  3302,  1709,  4760,   759,  2778,  4625,  2860,  2299,  5006,  4789, 
  3712,  1087,  4482,  2201,  1812,  2627,  1206,  2365,  2664,  1415,   682,  5281,   764,  2955,  2910,  5445, 
  1616,  1743,  2386,  2857,  5220,  3283,  4614,  3021,   568,  2071,  4090,   433,  4172,  3611,   814,   597, 
  5024,  2399,   290,  3513,  3124,  3939,  2518,  3677,  3976,  2727,  1994,  1089,  2076,  4267,  4222,  1253, 
  2928,  3055,  3698,  4169,  1028,  4595,   422,  4333,  1880,  3383,  5402,  1745,  5484,  4923,  2126,  1909, 
   832,  3711,  1602,  4825,  4436,  5251,  3830,  4989,  5288,  4039,  3306,  2401,  3388,    75,    30,  2565, 
  4240,  4367,  5010,  5481,  2340,   403,  1734,   141,  3192,  4695,  1210,  3057,  1292,   731,  3438,  3221, 
  2144,  5023,  2914,   633,   244,  1059,  5142,   797,  1096,  5351,  4618,  3713,  4700,  1387,  1342,  3877, 
    48,   175,   818,  1289,  3652,  1715,  3046,  1453,  4504,   503,  2522,  4369,  2604,  2043,  4750,  4533, 
  3456,   831,  4226,  1945,  1556,  2371,   950,  2109,  2408,  1159,   426,  5025,   508,  2699,  2654,  5189, 
  1360,  1487,  2130,  2601,  4964,  3027,  4358,  2765,   312,  1815,  3834,   177,  3916,  3355,   558,   341, 
  4768,  2143,    34,  3257,  2868,  3683,  2262,  3421,  3720,  2471,  1738,   833,  1820,  4011,  3966,   997, 
  2672,  2799,  3442,  3913,   772,  4339,   166,  4077,  1624,  3127,  5146,  1489,  5228,  4667,  1870,  1653, 
   576,  3455,  1346,  4569,  4180,  4995,  3574,  4733,  5032,  3783,  3050,  2145,  3132,  5323,  5278,  2309, 
  3984,  4111,  4754,  5225,  2084,   147,  1478,  5389,  2936,  4439,   954,  2801,  1036,   475,  3182,  2965, 
  1888,  4767,  2658,   377,  5492,   803,  4886,   541,   840,  5095,  4362,  3457,  4444,  1131,  1086,  3621, 
  5296,  5423,   562,  1033,  3396,  1459,  2790,  1197,  4248,   247,  2266,  4113,  2348,  1787,  4494,  4277, 
  3200,   575,  3970,  1689,  1300,  2115,   694,  1853,  2152,   903,   170,  4769,   252,  2443,  2398,  4933, 
  1104,  1231,  1874,  2345,  4708,  2771,  4102,  2509,    56,  1559,  3578,  5425,  3660,  3099,   302,    85, 
  4512,  1887,  5282,  3001,  2612,  3427,  2006,  3165,  3464,  2215,  1482,   577,  1564,  3755,  3710,   741, 
  2416,  2543,  3186,  3657,   516,  4083,  5414,  3821,  1368,  2871,  4890,  1233,  4972,  4411,  1614,  1397, 
   320,  3199,  1090,  4313,  3924,  4739,  3318,  4477,  4776,  3527,  2794,  1889,  2876,  5067,  5022,  2053, 
  3728,  3855,  4498,  4969,  1828,  5395,  1222,  5133,  2680,  4183,   698,  2545,   780,   219,  2926,  2709, 
  1632,  4511,  2402,   121,  5236,   547,  4630,   285,   584,  4839,  4106,  3201,  4188,   875,   830,  3365, 
  5040,  5167,   306,   777,  3140,  1203,  2534,   941,  3992,  5495,  2010,  3857,  2092,  1531,  4238,  4021, 
  2944,   319,  3714,  1433,  1044,  1859,   438,  1597,  1896,   647,  5418,  4513,  5500,  2187,  2142,  4677, 
   848,   975,  1618,  2089,  4452,  2515,  3846,  2253,  5304,  1303,  3322,  5169,  3404,  2843,    46,  5333, 
  4256,  1631,  5026,  2745,  2356,  3171,  1750,  2909,  3208,  1959,  1226,   321,  1308,  3499,  3454,   485, 
  2160,  2287,  2930,  3401,   260,  3827,  5158,  3565,  1112,  2615,  4634,   977,  4716,  4155,  1358,  1141, 
    64,  2943,   834,  4057,  3668,  4483,  3062,  4221,  4520,  3271,  2538,  1633,  2620,  4811,  4766,  1797, 
  3472,  3599,  4242,  4713,  1572,  5139,   966,  4877,  2424,  3927,   442,  2289,   524,  5467,  2670,  2453, 
  1376,  4255,  2146,  5369,  4980,   291,  4374,    29,   328,  4583,  3850,  2945,  3932,   619,   574,  3109, 
  4784,  4911,    50,   521,  2884,   947,  2278,   685,  3736,  5239,  1754,  3601,  1836,  1275,  3982,  3765, 
  2688,    63,  3458,  1177,   788,  1603,   182,  1341,  1640,   391,  5162,  4257,  5244,  1931,  1886,  4421, 
   592,   719,  1362,  1833,  4196,  2259,  3590,  1997,  5048,  1047,  3066,  4913,  3148,  2587,  5294,  5077, 
  4000,  1375,  4770,  2489,  2100,  2915,  1494,  2653,  2952,  1703,   970,    65,  1052,  3243,  3198,   229, 
  1904,  2031,  2674,  3145,     4,  3571,  4902,  3309,   856,  2359,  4378,   721,  4460,  3899,  1102,   885, 
  5312,  2687,   578,  3801,  3412,  4227,  2806,  3965,  4264,  3015,  2282,  1377,  2364,  4555,  4510,  1541, 
  3216,  3343,  3986,  4457,  1316,  4883,   710,  4621,  2168,  3671,   186,  2033,   268,  5211,  2414,  2197, 
  1120,  3999,  1890,  5113,  4724,    35,  4118,  5277,    72,  4327,  3594,  2689,  3676,   363,   318,  2853, 
  4528,  4655,  5298,   265,  2628,   691,  2022,   429,  3480,  4983,  1498,  3345,  1580,  1019,  3726,  3509, 
  2432,  5311,  3202,   921,   532,  1347,  5430,  1085,  1384,   135,  4906,  4001,  4988,  1675,  1630,  4165, 
   336,   463,  1106,  1577,  3940,  2003,  3334,  1741,  4792,   791,  2810,  4657,  2892,  2331,  5038,  4821, 
  3744,  1119,  4514,  2233,  1844,  2659,  1238,  2397,  2696,  1447,   714,  5313,   796,  2987,  2942,  5477, 
  1648,  1775,  2418,  2889,  5252,  3315,  4646,  3053,   600,  2103,  4122,   465,  4204,  3643,   846,   629, 
  5056,  2431,   322,  3545,  3156,  3971,  2550,  3709,  4008,  2759,  2026,  1121,  2108,  4299,  4254,  1285, 
  2960,  3087,  3730,  4201,  1060,  4627,   454,  4365,  1912,  3415,  5434,  1777,    12,  4955,  2158,  1941, 
   864,  3743,  1634,  4857,  4468,  5283,  3862,  5021,  5320,  4071,  3338,  2433,  3420,   107,    62,  2597, 
  4272,  4399,  5042,     9,  2372,   435,  1766,   173,  3224,  4727,  1242,  3089,  1324,   763,  3470,  3253, 
  2176,  5055,  2946,   665,   276,  1091,  5174,   829,  1128,  5383,  4650,  3745,  4732,  1419,  1374,  3909, 
    80,   207,   850,  1321,  3684,  1747,  3078,  1485,  4536,   535,  2554,  4401,  2636,  2075,  4782,  4565, 
  3488,   863,  4258,  1977,  1588,  2403,   982,  2141,  2440,  1191,   458,  5057,   540,  2731,  2686,  5221, 
  1392,  1519,  2162,  2633,  4996,  3059,  4390,  2797,   344,  1847,  3866,   209,  3948,  3387,   590,   373, 
  4800,  2175,    66,  3289,  2900,  3715,  2294,  3453,  3752,  2503,  1770,   865,  1852,  4043,  3998,  1029, 
  2704,  2831,  3474,  3945,   804,  4371,   198,  4109,  1656,  3159,  5178,  1521,  5260,  4699,  1902,  1685, 
   608,  3487,  1378,  4601,  4212,  5027,  3606,  4765,  5064,  3815,  3082,  2177,  3164,  5355,  5310,  2341, 
  4016,  4143,  4786,  5257,  2116,   179,  1510,  5421,  2968,  4471,   986,  2833,  1068,   507,  3214,  2997, 
  1920,  4799,  2690,   409,    20,   835,  4918,   573,   872,  5127,  4394,  3489,  4476,  1163,  1118,  3653, 
  5328,  5455,   594,  1065,  3428,  1491,  2822,  1229,  4280,   279,  2298,  4145,  2380,  1819,  4526,  4309, 
  3232,   607,  4002,  1721,  1332,  2147,   726,  1885,  2184,   935,   202,  4801,   284,  2475,  2430,  4965, 
  1136,  1263,  1906,  2377,  4740,  2803,  4134,  2541,    88,  1591,  3610,  5457,  3692,  3131,   334,   117, 
  4544,  1919,  5314,  3033,  2644,  3459,  2038,  3197,  3496,  2247,  1514,   609,  1596,  3787,  3742,   773, 
  2448,  2575,  3218,  3689,   548,  4115,  5446,  3853,  1400,  2903,  4922,  1265,  5004,  4443,  1646,  1429, 
   352,  3231,  1122,  4345,  3956,  4771,  3350,  4509,  4808,  3559,  2826,  1921,  2908,  5099,  5054,  2085, 
  3760,  3887,  4530,  5001,  1860,  5427,  1254,  5165,  2712,  4215,   730,  2577,   812,   251,  2958,  2741, 
  1664,  4543,  2434,   153,  5268,   579,  4662,   317,   616,  4871,  4138,  3233,  4220,   907,   862,  3397, 
  5072,  5199,   338,   809,  3172,  1235,  2566,   973,  4024,    23,  2042,  3889,  2124,  1563,  4270,  4053, 
  2976,   351,  3746,  1465,  1076,  1891,   470,  1629,  1928,   679,  5450,  4545,    28,  2219,  2174,  4709, 
   880,  1007,  1650,  2121,  4484,  2547,  3878,  2285,  5336,  1335,  3354,  5201,  3436,  2875,    78,  5365, 
  4288,  1663,  5058,  2777,  2388,  3203,  1782,  2941,  3240,  1991,  1258,   353,  1340,  3531,  3486,   517, 
  2192,  2319,  2962,  3433,   292,  3859,  5190,  3597,  1144,  2647,  4666,  1009,  4748,  4187,  1390,  1173, 
    96,  2975,   866,  4089,  3700,  4515,  3094,  4253,  4552,  3303,  2570,  1665,  2652,  4843,  4798,  1829, 
  3504,  3631,  4274,  4745,  1604,  5171,   998,  4909,  2456,  3959,   474,  2321,   556,  5499,  2702,  2485, 
  1408,  4287,  2178,  5401,  5012,   323,  4406,    61,   360,  4615,  3882,  2977,  3964,   651,   606,  3141, 
  4816,  4943,    82,   553,  2916,   979,  2310,   717,  3768,  5271,  1786,  3633,  1868,  1307,  4014,  3797, 
  2720,    95,  3490,  1209,   820,  1635,   214,  1373,  1672,   423,  5194,  4289,  5276,  1963,  1918,  4453, 
   624,   751,  1394,  1865,  4228,  2291,  3622,  2029,  5080,  1079,  3098,  4945,  3180,  2619,  5326,  5109, 
  4032,  1407,  4802,  2521,  2132,  2947,  1526,  2685,  2984,  1735,  1002,    97,  1084,  3275,  3230,   261, 
  1936,  2063,  2706,  3177,    36,  3603,  4934,  3341,   888,  2391,  4410,   753,  4492,  3931,  1134,   917, 
  5344,  2719,   610,  3833,  3444,  4259,  2838,  3997,  4296,  3047,  2314,  1409,  2396,  4587,  4542,  1573, 
  3248,  3375,  4018,  4489,  1348,  4915,   742,  4653,  2200,  3703,   218,  2065,   300,  5243,  2446,  2229, 
  1152,  4031,  1922,  5145,  4756,    67,  4150,  5309,   104,  4359,  3626,  2721,  3708,   395,   350,  2885, 
  4560,  4687,  5330,   297,  2660,   723,  2054,   461,  3512,  5015,  1530,  3377,  1612,  1051,  3758,  3541, 
  2464,  5343,  3234,   953,   564,  1379,  5462,  1117,  1416,   167,  4938,  4033,  5020,  1707,  1662,  4197, 
   368,   495,  1138,  1609,  3972,  2035,  3366,  1773,  4824,   823,  2842,  4689,  2924,  2363,  5070,  4853, 
  3776,  1151,  4546,  2265,  1876,  2691,  1270,  2429,  2728,  1479,   746,  5345,   828,  3019,  2974,     5, 
  1680,  1807,  2450,  2921,  5284,  3347,  4678,  3085,   632,  2135,  4154,   497,  4236,  3675,   878,   661, 
  5088,  2463,   354,  3577,  3188,  4003,  2582,  3741,  4040,  2791,  2058,  1153,  2140,  4331,  4286,  1317, 
  2992,  3119,  3762,  4233,  1092,  4659,   486,  4397,  1944,  3447,  5466,  1809,    44,  4987,  2190,  1973, 
   896,  3775,  1666,  4889,  4500,  5315,  3894,  5053,  5352,  4103,  3370,  2465,  3452,   139,    94,  2629, 
  4304,  4431,  5074,    41,  2404,   467,  1798,   205,  3256,  4759,  1274,  3121,  1356,   795,  3502,  3285, 
  2208,  5087,  2978,   697,   308,  1123,  5206,   861,  1160,  5415,  4682,  3777,  4764,  1451,  1406,  3941, 
   112,   239,   882,  1353,  3716,  1779,  3110,  1517,  4568,   567,  2586,  4433,  2668,  2107,  4814,  4597, 
  3520,   895,  4290,  2009,  1620,  2435,  1014,  2173,  2472,  1223,   490,  5089,   572,  2763,  2718,  5253, 
  1424,  1551,  2194,  2665,  5028,  3091,  4422,  2829,   376,  1879,  3898,   241,  3980,  3419,   622,   405, 
  4832,  2207,    98,  3321,  2932,  3747,  2326,  3485,  3784,  2535,  1802,   897,  1884,  4075,  4030,  1061, 
  2736,  2863,  3506,  3977,   836,  4403,   230,  4141,  1688,  3191,  5210,  1553,  5292,  4731,  1934,  1717, 
   640,  3519,  1410,  4633,  4244,  5059,  3638,  4797,  5096,  3847,  3114,  2209,  3196,  5387,  5342,  2373, 
  4048,  4175,  4818,  5289,  2148,   211,  1542,  5453,  3000,  4503,  1018,  2865,  1100,   539,  3246,  3029, 
  1952,  4831,  2722,   441,    52,   867,  4950,   605,   904,  5159,  4426,  3521,  4508,  1195,  1150,  3685, 
  5360,  5487,   626,  1097,  3460,  1523,  2854,  1261,  4312,   311,  2330,  4177,  2412,  1851,  4558,  4341, 
  3264,   639,  4034,  1753,  1364,  2179,   758,  1917,  2216,   967,   234,  4833,   316,  2507,  2462,  4997, 
  1168,  1295,  1938,  2409,  4772,  2835,  4166,  2573,   120,  1623,  3642,  5489,  3724,  3163,   366,   149, 
  4576,  1951,  5346,  3065,  2676,  3491,  2070,  3229,  3528,  2279,  1546,   641,  1628,  3819,  3774,   805, 
  2480,  2607,  3250,  3721,   580,  4147,  5478,  3885,  1432,  2935,  4954,  1297,  5036,  4475,  1678,  1461, 
   384,  3263,  1154,  4377,  3988,  4803,  3382,  4541,  4840,  3591,  2858,  1953,  2940,  5131,  5086,  2117, 
  3792,  3919,  4562,  5033,  1892,  5459,  1286,  5197,  2744,  4247,   762,  2609,   844,   283,  2990,  2773, 
  1696,  4575,  2466,   185,  5300,   611,  4694,   349,   648,  4903,  4170,  3265,  4252,   939,   894,  3429, 
  5104,  5231,   370,   841,  3204,  1267,  2598,  1005,  4056,    55,  2074,  3921,  2156,  1595,  4302,  4085, 
  3008,   383,  3778,  1497,  1108,  1923,   502,  1661,  1960,   711,  5482,  4577,    60,  2251,  2206,  4741, 
   912,  1039,  1682,  2153,  4516,  2579,  3910,  2317,  5368,  1367,  3386,  5233,  3468,  2907,   110,  5397, 
  4320,  1695,  5090,  2809,  2420,  3235,  1814,  2973,  3272,  2023,  1290,   385,  1372,  3563,  3518,   549, 
  2224,  2351,  2994,  3465,   324,  3891,  5222,  3629,  1176,  2679,  4698,  1041,  4780,  4219,  1422,  1205, 
   128,  3007,   898,  4121,  3732,  4547,  3126,  4285,  4584,  3335,  2602,  1697,  2684,  4875,  4830,  1861, 
  3536,  3663,  4306,  4777,  1636,  5203,  1030,  4941,  2488,  3991,   506,  2353,   588,    27,  2734,  2517, 
  1440,  4319,  2210,  5433,  5044,   355,  4438,    93,   392,  4647,  3914,  3009,  3996,   683,   638,  3173, 
  4848,  4975,   114,   585,  2948,  1011,  2342,   749,  3800,  5303,  1818,  3665,  1900,  1339,  4046,  3829, 
  2752,   127,  3522,  1241,   852,  1667,   246,  1405,  1704,   455,  5226,  4321,  5308,  1995,  1950,  4485, 
   656,   783,  1426,  1897,  4260,  2323,  3654,  2061,  5112,  1111,  3130,  4977,  3212,  2651,  5358,  5141, 
  4064,  1439,  4834,  2553,  2164,  2979,  1558,  2717,  3016,  1767,  1034,   129,  1116,  3307,  3262,   293, 
  1968,  2095,  2738,  3209,    68,  3635,  4966,  3373,   920,  2423,  4442,   785,  4524,  3963,  1166,   949, 
  5376,  2751,   642,  3865,  3476,  4291,  2870,  4029,  4328,  3079,  2346,  1441,  2428,  4619,  4574,  1605, 
  3280,  3407,  4050,  4521,  1380,  4947,   774,  4685,  2232,  3735,   250,  2097,   332,  5275,  2478,  2261, 
  1184,  4063,  1954,  5177,  4788,    99,  4182,  5341,   136,  4391,  3658,  2753,  3740,   427,   382,  2917, 
  4592,  4719,  5362,   329,  2692,   755,  2086,   493,  3544,  5047,  1562,  3409,  1644,  1083,  3790,  3573, 
  2496,  5375,  3266,   985,   596,  1411,  5494,  1149,  1448,   199,  4970,  4065,  5052,  1739,  1694,  4229, 
   400,   527,  1170,  1641,  4004,  2067,  3398,  1805,  4856,   855,  2874,  4721,  2956,  2395,  5102,  4885, 
  3808,  1183,  4578,  2297,  1908,  2723,  1302,  2461,  2760,  1511,   778,  5377,   860,  3051,  3006,    37, 
  1712,  1839,  2482,  2953,  5316,  3379,  4710,  3117,   664,  2167,  4186,   529,  4268,  3707,   910,   693, 
  5120,  2495,   386,  3609,  3220,  4035,  2614,  3773,  4072,  2823,  2090,  1185,  2172,  4363,  4318,  1349, 
  3024,  3151,  3794,  4265,  1124,  4691,   518,  4429,  1976,  3479,  5498,  1841,    76,  5019,  2222,  2005, 
   928,  3807,  1698,  4921,  4532,  5347,  3926,  5085,  5384,  4135,  3402,  2497,  3484,   171,   126,  2661, 
  4336,  4463,  5106,    73,  2436,   499,  1830,   237,  3288,  4791,  1306,  3153,  1388,   827,  3534,  3317, 
  2240,  5119,  3010,   729,   340,  1155,  5238,   893,  1192,  5447,  4714,  3809,  4796,  1483,  1438,  3973, 
   144,   271,   914,  1385,  3748,  1811,  3142,  1549,  4600,   599,  2618,  4465,  2700,  2139,  4846,  4629, 
  3552,   927,  4322,  2041,  1652,  2467,  1046,  2205,  2504,  1255,   522,  5121,   604,  2795,  2750,  5285, 
  1456,  1583,  2226,  2697,  5060,  3123,  4454,  2861,   408,  1911,  3930,   273,  4012,  3451,   654,   437, 
  4864,  2239,   130,  3353,  2964,  3779,  2358,  3517,  3816,  2567,  1834,   929,  1916,  4107,  4062,  1093, 
  2768,  2895,  3538,  4009,   868,  4435,   262,  4173,  1720,  3223,  5242,  1585,  5324,  4763,  1966,  1749, 
   672,  3551,  1442,  4665,  4276,  5091,  3670,  4829,  5128,  3879,  3146,  2241,  3228,  5419,  5374,  2405, 
  4080,  4207,  4850,  5321,  2180,   243,  1574,  5485,  3032,  4535,  1050,  2897,  1132,   571,  3278,  3061, 
  1984,  4863,  2754,   473,    84,   899,  4982,   637,   936,  5191,  4458,  3553,  4540,  1227,  1182,  3717, 
  5392,    15,   658,  1129,  3492,  1555,  2886,  1293,  4344,   343,  2362,  4209,  2444,  1883,  4590,  4373, 
  3296,   671,  4066,  1785,  1396,  2211,   790,  1949,  2248,   999,   266,  4865,   348,  2539,  2494,  5029, 
  1200,  1327,  1970,  2441,  4804,  2867,  4198,  2605,   152,  1655,  3674,    17,  3756,  3195,   398,   181, 
  4608,  1983,  5378,  3097,  2708,  3523,  2102,  3261,  3560,  2311,  1578,   673,  1660,  3851,  3806,   837, 
  2512,  2639,  3282,  3753,   612,  4179,     6,  3917,  1464,  2967,  4986,  1329,  5068,  4507,  1710,  1493, 
   416,  3295,  1186,  4409,  4020,  4835,  3414,  4573,  4872,  3623,  2890,  1985,  2972,  5163,  5118,  2149, 
  3824,  3951,  4594,  5065,  1924,  5491,  1318,  5229,  2776,  4279,   794,  2641,   876,   315,  3022,  2805, 
  1728,  4607,  2498,   217,  5332,   643,  4726,   381,   680,  4935,  4202,  3297,  4284,   971,   926,  3461, 
  5136,  5263,   402,   873,  3236,  1299,  2630,  1037,  4088,    87,  2106,  3953,  2188,  1627,  4334,  4117, 
  3040,   415,  3810,  1529,  1140,  1955,   534,  1693,  1992,   743,    10,  4609,    92,  2283,  2238,  4773, 
   944,  1071,  1714,  2185,  4548,  2611,  3942,  2349,  5400,  1399,  3418,  5265,  3500,  2939,   142,  5429, 
  4352,  1727,  5122,  2841,  2452,  3267,  1846,  3005,  3304,  2055,  1322,   417,  1404,  3595,  3550,   581, 
  2256,  2383,  3026,  3497,   356,  3923,  5254,  3661,  1208,  2711,  4730,  1073,  4812,  4251,  1454,  1237, 
   160,  3039,   930,  4153,  3764,  4579,  3158,  4317,  4616,  3367,  2634,  1729,  2716,  4907,  4862,  1893, 
  3568,  3695,  4338,  4809,  1668,  5235,  1062,  4973,  2520,  4023,   538,  2385,   620,    59,  2766,  2549, 
  1472,  4351,  2242,  5465,  5076,   387,  4470,   125,   424,  4679,  3946,  3041,  4028,   715,   670,  3205, 
  4880,  5007,   146,   617,  2980,  1043,  2374,   781,  3832,  5335,  1850,  3697,  1932,  1371,  4078,  3861, 
  2784,   159,  3554,  1273,   884,  1699,   278,  1437,  1736,   487,  5258,  4353,  5340,  2027,  1982,  4517, 
   688,   815,  1458,  1929,  4292,  2355,  3686,  2093,  5144,  1143,  3162,  5009,  3244,  2683,  5390,  5173, 
  4096,  1471,  4866,  2585,  2196,  3011,  1590,  2749,  3048,  1799,  1066,   161,  1148,  3339,  3294,   325, 
  2000,  2127,  2770,  3241,   100,  3667,  4998,  3405,   952,  2455,  4474,   817,  4556,  3995,  1198,   981, 
  5408,  2783,   674,  3897,  3508,  4323,  2902,  4061,  4360,  3111,  2378,  1473,  2460,  4651,  4606,  1637, 
  3312,  3439,  4082,  4553,  1412,  4979,   806,  4717,  2264,  3767,   282,  2129,   364,  5307,  2510,  2293, 
  1216,  4095,  1986,  5209,  4820,   131,  4214,  5373,   168,  4423,  3690,  2785,  3772,   459,   414,  2949, 
  4624,  4751,  5394,   361,  2724,   787,  2118,   525,  3576,  5079,  1594,  3441,  1676,  1115,  3822,  3605, 
  2528,  5407,  3298,  1017,   628,  1443,    22,  1181,  1480,   231,  5002,  4097,  5084,  1771,  1726,  4261, 
   432,   559,  1202,  1673,  4036,  2099,  3430,  1837,  4888,   887,  2906,  4753,  2988,  2427,  5134,  4917, 
  3840,  1215,  4610,  2329,  1940,  2755,  1334,  2493,  2792,  1543,   810,  5409,   892,  3083,  3038,    69, 
  1744,  1871,  2514,  2985,  5348,  3411,  4742,  3149,   696,  2199,  4218,   561,  4300,  3739,   942,   725, 
  5152,  2527,   418,  3641,  3252,  4067,  2646,  3805,  4104,  2855,  2122,  1217,  2204,  4395,  4350,  1381, 
  3056,  3183,  3826,  4297,  1156,  4723,   550,  4461,  2008,  3511,    26,  1873,   108,  5051,  2254,  2037, 
   960,  3839,  1730,  4953,  4564,  5379,  3958,  5117,  5416,  4167,  3434,  2529,  3516,   203,   158,  2693, 
  4368,  4495,  5138,   105,  2468,   531,  1862,   269,  3320,  4823,  1338,  3185,  1420,   859,  3566,  3349, 
  2272,  5151,  3042,   761,   372,  1187,  5270,   925,  1224,  5479,  4746,  3841,  4828,  1515,  1470,  4005, 
   176,   303,   946,  1417,  3780,  1843,  3174,  1581,  4632,   631,  2650,  4497,  2732,  2171,  4878,  4661, 
  3584,   959,  4354,  2073,  1684,  2499,  1078,  2237,  2536,  1287,   554,  5153,   636,  2827,  2782,  5317, 
  1488,  1615,  2258,  2729,  5092,  3155,  4486,  2893,   440,  1943,  3962,   305,  4044,  3483,   686,   469, 
  4896,  2271,   162,  3385,  2996,  3811,  2390,  3549,  3848,  2599,  1866,   961,  1948,  4139,  4094,  1125, 
  2800,  2927,  3570,  4041,   900,  4467,   294,  4205,  1752,  3255,  5274,  1617,  5356,  4795,  1998,  1781, 
   704,  3583,  1474,  4697,  4308,  5123,  3702,  4861,  5160,  3911,  3178,  2273,  3260,  5451,  5406,  2437, 
  4112,  4239,  4882,  5353,  2212,   275,  1606,    13,  3064,  4567,  1082,  2929,  1164,   603,  3310,  3093, 
  2016,  4895,  2786,   505,   116,   931,  5014,   669,   968,  5223,  4490,  3585,  4572,  1259,  1214,  3749, 
  5424,    47,   690,  1161,  3524,  1587,  2918,  1325,  4376,   375,  2394,  4241,  2476,  1915,  4622,  4405, 
  3328,   703,  4098,  1817,  1428,  2243,   822,  1981,  2280,  1031,   298,  4897,   380,  2571,  2526,  5061, 
  1232,  1359,  2002,  2473,  4836,  2899,  4230,  2637,   184,  1687,  3706,    49,  3788,  3227,   430,   213, 
  4640,  2015,  5410,  3129,  2740,  3555,  2134,  3293,  3592,  2343,  1610,   705,  1692,  3883,  3838,   869, 
  2544,  2671,  3314,  3785,   644,  4211,    38,  3949,  1496,  2999,  5018,  1361,  5100,  4539,  1742,  1525, 
   448,  3327,  1218,  4441,  4052,  4867,  3446,  4605,  4904,  3655,  2922,  2017,  3004,  5195,  5150,  2181, 
  3856,  3983,  4626,  5097,  1956,    19,  1350,  5261,  2808,  4311,   826,  2673,   908,   347,  3054,  2837, 
  1760,  4639,  2530,   249,  5364,   675,  4758,   413,   712,  4967,  4234,  3329,  4316,  1003,   958,  3493, 
  5168,  5295,   434,   905,  3268,  1331,  2662,  1069,  4120,   119,  2138,  3985,  2220,  1659,  4366,  4149, 
  3072,   447,  3842,  1561,  1172,  1987,   566,  1725,  2024,   775,    42,  4641,   124,  2315,  2270,  4805, 
   976,  1103,  1746,  2217,  4580,  2643,  3974,  2381,  5432,  1431,  3450,  5297,  3532,  2971,   174,  5461, 
  4384,  1759,  5154,  2873,  2484,  3299,  1878,  3037,  3336,  2087,  1354,   449,  1436,  3627,  3582,   613, 
  2288,  2415,  3058,  3529,   388,  3955,  5286,  3693,  1240,  2743,  4762,  1105,  4844,  4283,  1486,  1269, 
   192,  3071,   962,  4185,  3796,  4611,  3190,  4349,  4648,  3399,  2666,  1761,  2748,  4939,  4894,  1925, 
  3600,  3727,  4370,  4841,  1700,  5267,  1094,  5005,  2552,  4055,   570,  2417,   652,    91,  2798,  2581, 
  1504,  4383,  2274,  5497,  5108,   419,  4502,   157,   456,  4711,  3978,  3073,  4060,   747,   702,  3237, 
  4912,  5039,   178,   649,  3012,  1075,  2406,   813,  3864,  5367,  1882,  3729,  1964,  1403,  4110,  3893, 
  2816,   191,  3586,  1305,   916,  1731,   310,  1469,  1768,   519,  5290,  4385,  5372,  2059,  2014,  4549, 
   720,   847,  1490,  1961,  4324,  2387,  3718,  2125,  5176,  1175,  3194,  5041,  3276,  2715,  5422,  5205, 
  4128,  1503,  4898,  2617,  2228,  3043,  1622,  2781,  3080,  1831,  1098,   193,  1180,  3371,  3326,   357, 
  2032,  2159,  2802,  3273,   132,  3699,  5030,  3437,   984,  2487,  4506,   849,  4588,  4027,  1230,  1013, 
  5440,  2815,   706,  3929,  3540,  4355,  2934,  4093,  4392,  3143,  2410,  1505,  2492,  4683,  4638,  1669, 
  3344,  3471,  4114,  4585,  1444,  5011,   838,  4749,  2296,  3799,   314,  2161,   396,  5339,  2542,  2325, 
  1248,  4127,  2018,  5241,  4852,   163,  4246,  5405,   200,  4455,  3722,  2817,  3804,   491,   446,  2981, 
  4656,  4783,  5426,   393,  2756,   819,  2150,   557,  3608,  5111,  1626,  3473,  1708,  1147,  3854,  3637, 
  2560,  5439,  3330,  1049,   660,  1475,    54,  1213,  1512,   263,  5034,  4129,  5116,  1803,  1758,  4293, 
   464,   591,  1234,  1705,  4068,  2131,  3462,  1869,  4920,   919,  2938,  4785,  3020,  2459,  5166,  4949, 
  3872,  1247,  4642,  2361,  1972,  2787,  1366,  2525,  2824,  1575,   842,  5441,   924,  3115,  3070,   101, 
  1776,  1903,  2546,  3017,  5380,  3443,  4774,  3181,   728,  2231,  4250,   593,  4332,  3771,   974,   757, 
  5184,  2559,   450,  3673,  3284,  4099,  2678,  3837,  4136,  2887,  2154,  1249,  2236,  4427,  4382,  1413, 
  3088,  3215,  3858,  4329,  1188,  4755,   582,  4493,  2040,  3543,    58,  1905,   140,  5083,  2286,  2069, 
   992,  3871,  1762,  4985,  4596,  5411,  3990,  5149,  5448,  4199,  3466,  2561,  3548,   235,   190,  2725, 
  4400,  4527,  5170,   137,  2500,   563,  1894,   301,  3352,  4855,  1370,  3217,  1452,   891,  3598,  3381, 
  2304,  5183,  3074,   793,   404,  1219,  5302,   957,  1256,     7,  4778,  3873,  4860,  1547,  1502,  4037, 
   208,   335,   978,  1449,  3812,  1875,  3206,  1613,  4664,   663,  2682,  4529,  2764,  2203,  4910,  4693, 
  3616,   991,  4386,  2105,  1716,  2531,  1110,  2269,  2568,  1319,   586,  5185,   668,  2859,  2814,  5349, 
  1520,  1647,  2290,  2761,  5124,  3187,  4518,  2925,   472,  1975,  3994,   337,  4076,  3515,   718,   501, 
  4928,  2303,   194,  3417,  3028,  3843,  2422,  3581,  3880,  2631,  1898,   993,  1980,  4171,  4126,  1157, 
  2832,  2959,  3602,  4073,   932,  4499,   326,  4237,  1784,  3287,  5306,  1649,  5388,  4827,  2030,  1813, 
   736,  3615,  1506,  4729,  4340,  5155,  3734,  4893,  5192,  3943,  3210,  2305,  3292,  5483,  5438,  2469, 
  4144,  4271,  4914,  5385,  2244,   307,  1638,    45,  3096,  4599,  1114,  2961,  1196,   635,  3342,  3125, 
  2048,  4927,  2818,   537,   148,   963,  5046,   701,  1000,  5255,  4522,  3617,  4604,  1291,  1246,  3781, 
  5456,    79,   722,  1193,  3556,  1619,  2950,  1357,  4408,   407,  2426,  4273,  2508,  1947,  4654,  4437, 
  3360,   735,  4130,  1849,  1460,  2275,   854,  2013,  2312,  1063,   330,  4929,   412,  2603,  2558,  5093, 
  1264,  1391,  2034,  2505,  4868,  2931,  4262,  2669,   216,  1719,  3738,    81,  3820,  3259,   462,   245, 
  4672,  2047,  5442,  3161,  2772,  3587,  2166,  3325,  3624,  2375,  1642,   737,  1724,  3915,  3870,   901, 
  2576,  2703,  3346,  3817,   676,  4243,    70,  3981,  1528,  3031,  5050,  1393,  5132,  4571,  1774,  1557, 
   480,  3359,  1250,  4473,  4084,  4899,  3478,  4637,  4936,  3687,  2954,  2049,  3036,  5227,  5182,  2213, 
  3888,  4015,  4658,  5129,  1988,    51,  1382,  5293,  2840,  4343,   858,  2705,   940,   379,  3086,  2869, 
  1792,  4671,  2562,   281,  5396,   707,  4790,   445,   744,  4999,  4266,  3361,  4348,  1035,   990,  3525, 
  5200,  5327,   466,   937,  3300,  1363,  2694,  1101,  4152,   151,  2170,  4017,  2252,  1691,  4398,  4181, 
  3104,   479,  3874,  1593,  1204,  2019,   598,  1757,  2056,   807,    74,  4673,   156,  2347,  2302,  4837, 
  1008,  1135,  1778,  2249,  4612,  2675,  4006,  2413,  5464,  1463,  3482,  5329,  3564,  3003,   206,  5493, 
  4416,  1791,  5186,  2905,  2516,  3331,  1910,  3069,  3368,  2119,  1386,   481,  1468,  3659,  3614,   645, 
  2320,  2447,  3090,  3561,   420,  3987,  5318,  3725,  1272,  2775,  4794,  1137,  4876,  4315,  1518,  1301, 
   224,  3103,   994,  4217,  3828,  4643,  3222,  4381,  4680,  3431,  2698,  1793,  2780,  4971,  4926,  1957, 
  3632,  3759,  4402,  4873,  1732,  5299,  1126,  5037,  2584,  4087,   602,  2449,   684,   123,  2830,  2613, 
  1536,  4415,  2306,    25,  5140,   451,  4534,   189,   488,  4743,  4010,  3105,  4092,   779,   734,  3269, 
  4944,  5071,   210,   681,  3044,  1107,  2438,   845,  3896,  5399,  1914,  3761,  1996,  1435,  4142,  3925, 
  2848,   223,  3618,  1337,   948,  1763,   342,  1501,  1800,   551,  5322,  4417,  5404,  2091,  2046,  4581, 
   752,   879,  1522,  1993,  4356,  2419,  3750,  2157,  5208,  1207,  3226,  5073,  3308,  2747,  5454,  5237, 
  4160,  1535,  4930,  2649,  2260,  3075,  1654,  2813,  3112,  1863,  1130,   225,  1212,  3403,  3358,   389, 
  2064,  2191,  2834,  3305,   164,  3731,  5062,  3469,  1016,  2519,  4538,   881,  4620,  4059,  1262,  1045, 
  5472,  2847,   738,  3961,  3572,  4387,  2966,  4125,  4424,  3175,  2442,  1537,  2524,  4715,  4670,  1701, 
  3376,  3503,  4146,  4617,  1476,  5043,   870,  4781,  2328,  3831,   346,  2193,   428,  5371,  2574,  2357, 
  1280,  4159,  2050,  5273,  4884,   195,  4278,  5437,   232,  4487,  3754,  2849,  3836,   523,   478,  3013, 
  4688,  4815,  5458,   425,  2788,   851,  2182,   589,  3640,  5143,  1658,  3505,  1740,  1179,  3886,  3669, 
  2592,  5471,  3362,  1081,   692,  1507,    86,  1245,  1544,   295,  5066,  4161,  5148,  1835,  1790,  4325, 
   496,   623,  1266,  1737,  4100,  2163,  3494,  1901,  4952,   951,  2970,  4817,  3052,  2491,  5198,  4981, 
  3904,  1279,  4674,  2393,  2004,  2819,  1398,  2557,  2856,  1607,   874,  5473,   956,  3147,  3102,   133, 
  1808,  1935,  2578,  3049,  5412,  3475,  4806,  3213,   760,  2263,  4282,   625,  4364,  3803,  1006,   789, 
  5216,  2591,   482,  3705,  3316,  4131,  2710,  3869,  4168,  2919,  2186,  1281,  2268,  4459,  4414,  1445, 
  3120,  3247,  3890,  4361,  1220,  4787,   614,  4525,  2072,  3575,    90,  1937,   172,  5115,  2318,  2101, 
  1024,  3903,  1794,  5017,  4628,  5443,  4022,  5181,  5480,  4231,  3498,  2593,  3580,   267,   222,  2757, 
  4432,  4559,  5202,   169,  2532,   595,  1926,   333,  3384,  4887,  1402,  3249,  1484,   923,  3630,  3413, 
  2336,  5215,  3106,   825,   436,  1251,  5334,   989,  1288,    39,  4810,  3905,  4892,  1579,  1534,  4069, 
   240,   367,  1010,  1481,  3844,  1907,  3238,  1645,  4696,   695,  2714,  4561,  2796,  2235,  4942,  4725, 
  3648,  1023,  4418,  2137,  1748,  2563,  1142,  2301,  2600,  1351,   618,  5217,   700,  2891,  2846,  5381, 
  1552,  1679,  2322,  2793,  5156,  3219,  4550,  2957,   504,  2007,  4026,   369,  4108,  3547,   750,   533, 
  4960,  2335,   226,  3449,  3060,  3875,  2454,  3613,  3912,  2663,  1930,  1025,  2012,  4203,  4158,  1189, 
  2864,  2991,  3634,  4105,   964,  4531,   358,  4269,  1816,  3319,  5338,  1681,  5420,  4859,  2062,  1845, 
   768,  3647,  1538,  4761,  4372,  5187,  3766,  4925,  5224,  3975,  3242,  2337,  3324,    11,  5470,  2501, 
  4176,  4303,  4946,  5417,  2276,   339,  1670,    77,  3128,  4631,  1146,  2993,  1228,   667,  3374,  3157, 
  2080,  4959,  2850,   569,   180,   995,  5078,   733,  1032,  5287,  4554,  3649,  4636,  1323,  1278,  3813, 
  5488,   111,   754,  1225,  3588,  1651,  2982,  1389,  4440,   439,  2458,  4305,  2540,  1979,  4686,  4469, 
  3392,   767,  4162,  1881,  1492,  2307,   886,  2045,  2344,  1095,   362,  4961,   444,  2635,  2590,  5125, 
  1296,  1423,  2066,  2537,  4900,  2963,  4294,  2701,   248,  1751,  3770,   113,  3852,  3291,   494,   277, 
  4704,  2079,  5474,  3193,  2804,  3619,  2198,  3357,  3656,  2407,  1674,   769,  1756,  3947,  3902,   933, 
  2608,  2735,  3378,  3849,   708,  4275,   102,  4013,  1560,  3063,  5082,  1425,  5164,  4603,  1806,  1589, 
   512,  3391,  1282,  4505,  4116,  4931,  3510,  4669,  4968,  3719,  2986,  2081,  3068,  5259,  5214,  2245, 
  3920,  4047,  4690,  5161,  2020,    83,  1414,  5325,  2872,  4375,   890,  2737,   972,   411,  3118,  2901, 
  1824,  4703,  2594,   313,  5428,   739,  4822,   477,   776,  5031,  4298,  3393,  4380,  1067,  1022,  3557, 
  5232,  5359,   498,   969,  3332,  1395,  2726,  1133,  4184,   183,  2202,  4049,  2284,  1723,  4430,  4213, 
  3136,   511,  3906,  1625,  1236,  2051,   630,  1789,  2088,   839,   106,  4705,   188,  2379,  2334,  4869, 
  1040,  1167,  1810,  2281,  4644,  2707,  4038,  2445,  5496,  1495,  3514,  5361,  3596,  3035,   238,    21, 
  4448,  1823,  5218,  2937,  2548,  3363,  1942,  3101,  3400,  2151,  1418,   513,  1500,  3691,  3646,   677, 
  2352,  2479,  3122,  3593,   452,  4019,  5350,  3757,  1304,  2807,  4826,  1169,  4908,  4347,  1550,  1333, 
   256,  3135,  1026,  4249,  3860,  4675,  3254,  4413,  4712,  3463,  2730,  1825,  2812,  5003,  4958,  1989, 
  3664,  3791,  4434,  4905,  1764,  5331,  1158,  5069,  2616,  4119,   634,  2481,   716,   155,  2862,  2645, 
  1568,  4447,  2338,    57,  5172,   483,  4566,   221,   520,  4775,  4042,  3137,  4124,   811,   766,  3301, 
  4976,  5103,   242,   713,  3076,  1139,  2470,   877,  3928,  5431,  1946,  3793,  2028,  1467,  4174,  3957, 
  2880,   255,  3650,  1369,   980,  1795,   374,  1533,  1832,   583,  5354,  4449,  5436,  2123,  2078,  4613, 
   784,   911,  1554,  2025,  4388,  2451,  3782,  2189,  5240,  1239,  3258,  5105,  3340,  2779,  5486,  5269, 
  4192,  1567,  4962,  2681,  2292,  3107,  1686,  2845,  3144,  1895,  1162,   257,  1244,  3435,  3390,   421, 
  2096,  2223,  2866,  3337,   196,  3763,  5094,  3501,  1048,  2551,  4570,   913,  4652,  4091,  1294,  1077};